testlist <- list(x1 = Inf, x2 = c(2.77448001459322e+180, 2.77428016693088e+180,  2.77448001762435e+180, 2.77448001762435e+180, 2.77448002212291e+180,  2.77448001762435e+180, 2.77448001762435e+180, 2.77448001762435e+180,  2.77448001762435e+180, 2.77448001762435e+180, 2.77448001762435e+180,  2.77448001762435e+180, 2.77448001762435e+180, 9.95133540168821e-71,  2.77448001762435e+180, 2.77448001762435e+180, 9.52122464010935e-307,  6.953355807835e-310, 0, NaN, NaN, 5.48545699190191e+303, 1.39889278681467e-306,  2.77448002164103e+180, NaN, -3.73056436677971e+305, 5.50814852229257e-310,  0, -2.67718718305332e-08, 5.95750278984877e+228, 2.04451952035466e-258,  2.77447996953916e+180, 2.77428017465996e+180, -3.8838293948447e+281,  1.06800672226967e-202, 6.64919768189632e+24, -2.6234033551085e+193,  5.77239359628e-275, 2.81779820918467e-202, -2.51918289788708e+193,  2.72311959231979e+180, 2.77448001762435e+180, 2.77448001762435e+180,  2.77448001762435e+180, 2.75170193771118e-306, 4.86085952039909e-62,  7.15293304791851e-207, NaN, -5.82900681039975e+303, 1.31442062409677e+228,  NaN, NaN, -2.97367077571815e+284, NaN, NaN, NaN, 6.1189531108948e-308,  2.83959631915154e+238, 2.8396262443943e+238, 2.8396262443943e+238,  3.67318489716214e-317, 0, 0, 0, 0), y1 = c(Inf, NaN, 2.781342323134e-309,  NaN, NaN, NaN, NaN, NaN, NaN, NaN, 4.97857004455407e-130, -1.6507525002719e-09,  -5.65622606018448e+303, -7.85689954082773e-10, -2.16457368377827e+307,  NaN, 2.77448001762435e+180, 2.77448001762435e+180, -Inf, 5.95750278984877e+228,  2.77448001762435e+180, 2.77448001752175e+180, -Inf, 2.77448001762435e+180,  3.28311216472015e-317, 6.01593231145656e+228, 5.95750278984877e+228,  -6.36137897738766e-21, 2.77448001762362e+180, 2.77448001457499e+180,  2.29260771742513e+303, 2.50559915927975e-92, 2.77447924941205e+180,  4.97883969198688e-130, NaN, 2.96242585164862e-304, 2.71615461247507e-312,  -5.48679376167318e+303, NaN, NaN, 3.08983059974054e+168, NaN,  NaN, NaN, NaN, NaN, NaN, 1.52165814691551e-96, 2.8188016407207e-304,  -2.97403381695548e+284, NaN, 2.7744800222651e+180, 2.77448001762433e+180,  -1.5025396578815e+308, NaN, 6.01595732544253e+228, 5.95750278984877e+228,  2.80996918978099e-202, 171.168627450978, NaN, 2.85279195360568e+180,  2.77448001762435e+180, -Inf, -1.5025396578815e+308, NaN, 2.77448001762442e+180,  2.77448001762435e+180, NaN, 4.97856690095543e-130, -Inf, NaN,  NaN, 2.77448001762435e+180, 2.77448001762435e+180, 1.36835177922015e-48,  2.81776900841821e-202, 2.81777074845167e-202, 0), y2 = numeric(0))
result <- do.call(palm:::euc_distances,testlist)
str(result)