testlist <- list(x1 = c(-2.16408455681631e-243, -Inf, -2.16408455681631e-243,  -2.16408455681631e-243, -2.16408455681631e-243, -2.16408455681631e-243,  -2.16408455681631e-243, -2.16408455681631e-243, -2.59409763027007e+306,  -2.16408455681631e-243, -2.16408455681631e-243, -2.16408455681631e-243,  -2.16408455681631e-243, NaN, NaN, -5.08918685675744e+304, NaN,  NaN, NaN, NaN, NaN, NaN, NaN, NaN, -Inf, NaN, NaN, -1.85156687321787e+304,  1.1484490498342e-202, 1.51771007204126e+82, 6.18898099962386e-317,  -1.31666977651049e+306, NaN, 1.52165814691551e-96, 4.03072821572662e-139,  3.09483550609771e-58, NaN, 2.8564358584904e-306, 2.77448001761239e+180,  2.83962624439429e+238, 2.8396262443943e+238, 2.8396262443943e+238,  2.8396262443943e+238, 2.8396262443943e+238, -7.65561721035116e+305,  2.77448001762442e+180, NaN, 2.72312057367056e+180, 9.67815454903842e-308,  NA, -1.54983782185572e-308, 0), x2 = c(-5.48679376167318e+303,  NaN, NaN, 9.41560016322013e+298, NaN, NaN, 5.76746527728564e+138,  NaN, NaN, 1.46716622999793e-202, 2.81577568349348e-202, 1.69759663909626e-313,  2.52961610670718e-321, 5.0758836746313e-116, 2.92300327466139e+48,  2.7742793948266e+180, 4.10208526616815e-63, NaN, NaN, 1.390671161567e-309,  1.25986739689518e-321, 0, 1.11897728190755e+87, NaN, NaN, 1.61652255300762e+161,  1.80331613627912e-130, 1.61949778050302e-319, 6.95335580945396e-310,  1.6189543082926e-319, 6.25928537928501e-68, -0.000153938424773514,  NaN, NaN, 1.69759663909626e-313, NaN, NaN, NaN, NaN, NaN, NaN,  NaN, 0), y1 = NaN, y2 = c(-4.53801546776667e+279, 8.28891908358711e-317,  0, NaN, 2.12455134963797e+183, NaN, 2.77448121256966e+180, 2.77448001762435e+180,  NaN, 1.4671662299979e-202, 2.8177691224837e-202, -1.11927179557237e+284,  5.38037782608482e-202, 4.63540145668054e-299, NaN, 2.85279195360568e+180,  5.31529552496674e+179, NaN, NaN, 2.12455197126707e+183, 2.77448001762435e+180,  7.58392974138671e-312, NaN, 2.82524440463152e-202, 2.81776900841821e-202,  3.12237305182379e-294, NaN, NaN, NaN, NaN, NaN, -1.79769313486232e+308,  NaN, NaN, NaN, NaN, -2.56814527210838e+207, NA, NaN, 2.77448001764258e+180,  2.77448001761751e+180, 1.75725864648929e+159, NaN, 2.85229531415952e+180,  2.7744800176244e+180, NA, 5.77309622581925e-275, 1.07608724552425e-201,  -3.73056234456984e+305, NaN, 2.77478592362428e+180, 2.77448001764258e+180,  2.77448001762435e+180, -3.73056229225008e+305, 2.81776889369607e-202,  NaN, NaN, NaN, 2.77448001764258e+180, 5.95747375854229e+228,  2.85729382227919e-202, NaN, -1.85156687321787e+304, NaN, NaN,  2.08636472275153e-90, NaN, NaN, -3.72971386882496e+305, NaN,  2.7747859158952e+180, NaN, -2.97403381695557e+284, 8.28628818402301e-317,  NaN, 0))
result <- do.call(palm:::euc_distances,testlist)
str(result)