testlist <- list(x1 = c(-2.16408455681631e-243, -2.16408455681631e-243, -2.16408455681631e-243,  NaN, -2.16408455876758e-243, 0), x2 = c(2.75170193770297e-306,  -3.36610012601532e-09, 5.38029963525644e-202, 2.81776900841821e-202,  2.81776900841821e-202, 1.46716613908279e-202, -5.65489711874459e+303,  -1.51460052722868e+304, 1.34883561516732e+188, NaN, 3.32535613919368e-93,  2.77448001743148e+180, -1.48287653073018e+308, 2.77448001764258e+180,  NaN, NaN, 2.77448001762435e+180, 2.77448001762435e+180, NaN,  NaN, 2.77448001762435e+180, 2.77448001762435e+180, -7.14924574762129e-304,  0, -1.06099789548264e-314, 2.81773963955099e-202, 2.81776912182765e-202,  2.8177688404661e-202, 2.81773963954833e-202, NaN, NaN, NaN, 2.29260772050127e+303,  2.77448064194772e+180, 2.77448001762435e+180, 1.34883555552205e+188,  NaN, NaN, -3.71932406351313e+203, 7.29088467834475e-304, 0.0004730224609375,  5.95772998250271e+228, 5.27946028078644e-138, 2.77448001762435e+180,  2.77448001762435e+180, 2.77448001762435e+180, 2.77448001762435e+180,  2.77448001762435e+180, -2.02305963697982e-209, 7.2911025365261e-304,  0, 7.78776273814619e-308, 1.11897728190755e+87, 2.77478592360575e+180,  2.77448002212291e+180, 2.08636472273428e-90, -5.58657800069717e+303,  4.10208526616823e-63, NaN, NaN, NaN, NaN, NaN, NaN, NaN, NaN,  5.43230922486616e-312, NaN, 6.95572067267543e-310, 6.953355807835e-310,  6.95335580945396e-310, 2.83962514362853e+238, 2.8396262443943e+238,  2.8396262443943e+238, NaN, -4.69526163440602e+305, 7.2911220195564e-304,  1.11253693336574e-308, 4.14452302922905e-317, 2.7742793948266e+180,  3.93068123148255e-199, -1.50248339265437e+308, NaN, 1.22277239349727e-99,  2.77448001762435e+180), y1 = c(NaN, NaN, NaN, NaN, NaN, NaN,  NA, NA, 4.46779582501485e-314, 5.41928862294628e-312, 1.11897728192202e+87,  -2.62340335511647e+193, 2.52961610670718e-321, 0, 0, 0, 2.81772601267528e-202,  5.18365505937542e-130, NaN, 3.32535613919497e-93, 2.77448001743148e+180,  -1.48287653073018e+308, NA, 1.27331197913635e-309, -4.65661287307739e-10,  -2.70083546637395e-08, 0), y2 = c(Inf, 2.77448001762435e+180,  NaN, 2.81025057844006e-202, 2.7343683498965e+180, -3.05152643703446e-05,  -Inf, 2.52467545024877e-321, NaN, 2.77448001762442e+180, -2.97380833429861e+284,  5.38037782608482e-202, 4.02021993325226e+180, -1.55510104271851e+206,  NaN, 2.77448001762435e+180, 4.0762888232447e+180, 4.03103062917386e+180,  2.774479569338e+180, -4.69571367709967e+305, NaN, -7.20053784029172e+303,  2.77448002082467e+180, 2.77448001762435e+180, -2.97380833429861e+284,  5.38037782608482e-202, -2.91790621795241e+284, 1.58320771811499e-314,  3.43577560614204e-310, 7.38321419707285e+56, 2.77434950476622e+180,  NaN, -Inf, 2.73436241396686e+180, 1.75725864489147e+159, NaN,  2.77448121250928e+180, 4.05490708849986e+228, 8.73508392705072e-201,  NaN, NaN, NaN, NaN, NaN, NaN, 1.46716623000715e-202, 0))
result <- do.call(palm:::euc_distances,testlist)
str(result)