testlist <- list(x1 = NaN, x2 = c(-4.55031976080619e-06, 8.88057028665986e+252,  -4.27197407184182e+96, 1.06138631803582e-314, -1.06099789548264e-314,  NaN, 2.77478592362428e+180, 2.77448001762435e+180, 6.01595732544243e+228,  5.95750278984877e+228, 2.77449988165032e+180, 1.1299860027957e+164,  2.77448001762435e+180, 2.77448001762435e+180, 2.77448001762435e+180,  -5.48612406879369e+303, 5.95750279333144e+228, 5.95750278984877e+228,  2.02125105980546e+180, 9.52157095844336e-307, 2.77448001762435e+180,  6.9996707093366e-201, 2.92342127531578e-202, 2.77448001762441e+180,  2.81779820919387e-202, -1.80443748830511e-09, 4.34778704632591e-311,  1.6189543082926e-319, NaN, NaN, NaN, NaN, NaN, -5.82900682309329e+303,  NaN, -2.97368636961748e+284, NaN, 2.7744800222651e+180, 2.77448001762433e+180,  -1.5025396578815e+308, NaN, 6.01595732544253e+228, -9.64741031087119e+206,  2.77124415362576e+180, 171.16862745098, NaN, 2.83962514362868e+238,  2.8396262443943e+238, 2.8396262443943e+238, NaN, -1.54223888882681e+206,  -2.95639038085942e-05, NaN), y1 = c(NaN, -5.54104413732501e+303,  NaN, 1.38598155119275e-309, -2.16408505199483e-243, -2.16408455681631e-243,  -2.16408455681631e-243, NaN, -2.16408455681634e-243, -2.16408455681631e-243,  NaN, 7.14515370044225e-304, NaN, NaN, -4.53801546776667e+279,  -4.15075982863194e+305, NaN, NaN, -2.16408505634249e-243, NaN,  NaN, -5.82900580122305e+303, NaN, NaN, NaN, NaN, 1.04247851272503e-321,  -5.82833146378366e+303, 5.43230922486616e-312, -5.48746010273846e+303,  3.32653113739866e-111, -Inf, 1.11891562495029e+87, 6.0837843459918e+247,  NA, NaN, 9.41560016322013e+298, NA, 2.77448001762435e+180, 2.15162051651561e-312,  0, 2.77441591734367e+180, 2.77448001762435e+180, -7.63496356679806e+305,  2.85279195360568e+180, NaN, -2.97403381695557e+284, -2.89204795273377e+304,  1.46716623000715e-202, 2.8177691224837e-202, 2.81776900841822e-202,  2.81776900841821e-202, 1.61652255300761e+161, NaN, 6.9559013765609e-310,  6.953355807835e-310, 6.95335580945396e-310, 5.95739742661889e+228,  2.77427939096624e+180, 2.83962612749882e+238, 2.8396262443943e+238,  -4.18640411226067e-09, NaN, 1.25986739689518e-321, NaN, NaN,  -5.82900681039975e+303, 2.75909158453849e-306, NA, 2.77448001762435e+180,  2.77447961573002e+180, 0), y2 = c(-6.36184286618373e-21, 0, NaN,  -2.88127684726925e+284, NaN, 7.68959348160574e-310, 2.29235872649912e+303,  NaN, NaN, NaN, -2.40455066766827e+305, NaN, 0, 7.08969611778611e-311,  0, 0, 0, 0, 0, 0, 0, 0, 0, 0, 0, 0, 0, 0, 0, 0, 0, 0, 0, 0, 0,  0, 0, 0, 0, 0, 0, 0, 0, 0, 0, 0, 0, 0, 0, 0, 0, 0, 0, 0, 0, 0,  0, 0, 0, 0, 0, 0, 0, 0, 0, 0, 0, 0))
result <- do.call(palm:::euc_distances,testlist)
str(result)