testlist <- list(x1 = c(NaN, NaN, NaN, NaN, 2.29235872651908e+303, NaN, -3.73056156767275e+305,  -5.48746345451244e+303, NaN, 1.08646185068611e-311, NaN, 5.48545699186217e+303,  1.06546860097744e-255, -5.48745823263671e+303, 2.18007543808417e-106,  5.07111663009065e-299, -1.15230035821185e+305, 4.63540146109292e-299,  -5.48612928041158e+303, -4.01513555546195e+202, 2.8396262443943e+238,  2.8396262443943e+238, 4.25159768746961e-314, 0), x2 = c(4.83049477408634e-299,  NaN, 4.98669010876345e-312, -3.41047456942773e-08, NaN, NaN,  NaN, 8.25666697229224e-317, 0, NaN, 2.12455134963797e+183, 2.77448001762435e+180,  2.77448001762435e+180, 2.77448001762435e+180, NaN, 2.12455197126707e+183,  2.77448001762435e+180, 2.77448001762435e+180, 2.77448001762435e+180,  2.77448001762435e+180, 2.77448001762435e+180, 2.77448001762435e+180,  2.77448001762435e+180, 2.77448001762435e+180, 1.28244619691012e-319,  NaN, -2.76717196714618e+260, -2.1968215047129e-243, -2.16408455681631e-243,  -2.16408455681631e-243, -2.16408455681631e-243, -2.16408455681631e-243,  -2.16408455681631e-243, -2.16408455681631e-243, -2.16408455681631e-243,  -2.16408455681631e-243), y1 = c(2.93027978007415e+238, 2.8396262443943e+238,  NaN, 2.77448001764258e+180, NaN, 2.81025057844013e-202, NaN,  4.97856690095543e-130, 2.83122472311712e-202, 2.93027978007415e+238,  4.85716195438157e-275, 2.81779820918467e-202, -2.6234033551085e+193,  2.72311959213864e+180, NaN, NaN, NaN, NaN, NaN, -Inf, NaN, NaN,  NaN, NaN, NaN, 1.13923781555569e-304, 4.14604030482743e-317,  2.92964387351517e+238, NaN, NaN, 5.43230922486616e-312, 5.41108959074737e-312,  7.2297099810616e-304, 5.59610256518114e-275, 7.8696918412344e-313,  NaN, NaN, -3.71932406351313e+203, -2.8810952607599e+284, 3.23785921002061e-319,  8.30987219431019e-246, 0, -2.74262045565443e+304, -5.65489711881722e+303,  NaN, 2.52467545024877e-321, NaN, NaN, NA, NaN, -2.97403381695557e+284,  1.06429891223653e-255, NaN, NaN, 1.52175420975961e-96, NaN, 2.78598798936393e+184,  1.1503727391487e-312, 7.29112201265991e-304, 2.77448001762442e+180,  2.77448001762432e+180, -3.73056234459678e+305, NaN, -3.02461920434668e+74,  2.77448001762435e+180, -3.81748178339903e+305, 1.46716622999793e-202,  8.99900625467637e+178, NaN, NaN, -4.69526365661589e+305, 2.77448001762442e+180,  2.77448001762435e+180, NaN, 4.97856690095543e-130, 6.01595732194769e+228,  -3.05152643703446e-05, NaN, 2.77448001762442e+180, 5.95750267644523e+228,  2.81792340222235e-202, 5.38128466814793e-202, NaN, 7.99173712248595e-308,  2.15162050843764e-312, NaN, 6.95590220278411e-310, 6.95335580793619e-310,  6.953355807835e-310, NaN, NaN, 0), y2 = c(NaN, NaN, -2.16408455681631e-243,  -2.16408455681631e-243, NaN, 0))
result <- do.call(palm:::euc_distances,testlist)
str(result)