testlist <- list(x1 = c(NaN, Inf, NaN, NaN, NaN, NaN, NaN, -1.93111567221538e+306,  1.23387896866133e-178, 1.46658250634297e-310, NaN, NaN, 4.98669010876345e-312,  0, NaN, -3.73056436677971e+305, -1.48791703540521e+193, 2.01042830921278e+180,  -4.69526163440602e+305, -5.77007384969805e+303, 2.77427939097716e+180,  2.83962612749882e+238, 2.8396262443943e+238, 2.8396262443943e+238,  2.8396262443943e+238, -2.16405314801211e-243, -2.16408455681631e-243,  -2.16408455681631e-243, -2.16408455681631e-243, -2.16408455681631e-243,  -2.16408455681631e-243, -2.16408455681631e-243, -2.16408455681631e-243,  2.77448001762553e+180, Inf, 2.77448001762435e+180, 2.77448001762435e+180,  2.15162051651561e-312, -2.67718718305332e-08, 5.95750278984877e+228,  2.04451952035466e-258, 2.77447996953916e+180, 2.77428017465996e+180,  -3.8838293948447e+281, 7.82241239475435e-135, 2.84067887697025e+180,  8.73508392609645e-201, Inf, 3.01181841091939e-304, 2.84809453922093e-306,  2.84809453888922e-306, NA, NaN, 4.10208526616823e-63, NaN, NaN,  NaN, NaN, NaN, NaN, NaN, NaN, NaN, NaN, 2.77478415366609e+180,  0), x2 = c(1.1299860027957e+164, NaN, 2.77448001762435e+180,  2.77448001762435e+180, -5.48612406879369e+303, 5.95750279333144e+228,  5.95750278984877e+228, 2.02125105980546e+180, 9.52157095844336e-307,  2.77448001762435e+180, 6.9996707093366e-201, 2.92342127531578e-202,  2.77448001762441e+180, 2.81779820919387e-202, -2.6234033551085e+193,  4.34778704632591e-311, 1.6189543082926e-319, NaN, NaN, NaN, NaN,  NaN, NaN, NaN, NaN, NaN, NaN, NaN, NaN, NaN, NaN, 2.75573830912232e+180,  1.75725864476309e+159, NaN, 2.85279195360568e+180, 5.95750279333293e+228,  5.95750278984877e+228, 2.73430701103153e+180, -4.69513774122331e+305,  1.390671161567e-309, 1.23387896965284e-178, 2.77448002165808e+180,  2.77448001762435e+180, 2.77448001762435e+180, 2.77448001457487e+180,  2.77448001762435e+180, -Inf, 2.77448001762442e+180, 2.77448001762435e+180,  2.77448001762435e+180, 2.77448001762435e+180, 2.77448001762435e+180,  2.77448001762435e+180, 2.77448001762435e+180, 2.77448001762435e+180,  2.77448001762435e+180, 2.74814147082125e+180, 2.77448001762435e+180,  -3.35414052931093e+204, NaN, 7.29058451155046e-304, 8.88057028665986e+252,  -1.6688053938804e-308, -6.63123684676648e-316, 0, 0), y1 = c(NaN,  4.63540146109292e-299, 2.93923558836681e+150, NaN, 2.77478592362428e+180,  2.77448001762435e+180, 6.01595732544243e+228), y2 = c(2.83962624439427e+238,  NaN, 2.77478592362428e+180, NaN, NaN, NaN, 2.81025057844013e-202,  3.0653001409108e-304, -1.57709366101283e+304, 5.38037783993085e-202,  -1.11927179557237e+284, 1.46716622999787e-202, 8.99109168182923e+178,  NaN, NaN, 2.77448121256966e+180, 2.81776889369607e-202, 2.8177690082994e-202,  2.78632703328959e-309, 2.72311959207815e+180, 2.77448001762435e+180,  2.77448001762435e+180, 2.77448001762435e+180, 0, 0, 0, 0, 0,  0, 0, 0, 0, 0, 0, 0, 0, 0, 0, 0, 0, 0, 0, 0, 0, 0, 0, 0, 0, 0,  0, 0, 0, 0, 0, 0, 0, 0, 0, 0, 0, 0, 0, 0, 0, 0, 0, 0, 0, 0, 0,  0, 0, 0, 0, 0, 0, 0, 0, 0, 0))
result <- do.call(palm:::euc_distances,testlist)
str(result)