testlist <- list(x1 = -2.61802134968788e-08, x2 = c(-1.31666977651049e+306,  NaN, 7.29111986021348e-304, 7.38375507046986e+56, NaN, NaN, NaN,  -4.30642578250259e+203, 2.8396262443943e+238, 2.8396262443943e+238,  2.8396262443943e+238, 2.8396262443943e+238, 2.8396262443943e+238,  2.12455197126707e+183, NaN, NaN, 4.97856690095543e-130, 5.77309623250209e-275,  2.81779820918467e-202, 2.81776900842134e-202, 2.81776900841821e-202,  2.81776889354535e-202, NaN, 2.7241344512424e+180, -3.73056234456984e+305,  2.81776889369607e-202, 2.77447940541791e+180, -1.5025396578815e+308,  -1.50248339571394e+308, NaN, 2.77448001762442e+180, 2.77448001761999e+180,  -1.55510104271851e+206, NaN, 2.77448001764258e+180, 2.77448001762435e+180,  4.94065645841247e-324, 2.81776889369607e-202, 2.81776900841822e-202,  6.68471246841049e-198, 7.99173326140156e-308, -4.69526163440474e+305,  1.2765926678447e-309, 3.60725719977539e+165, NaN, NaN, NaN, 2.11370687089355e-314,  0, NaN, NaN, 2.77448001762435e+180, 2.77448001762435e+180, 2.77448001762435e+180,  -2.1645736825066e+307, NaN, 2.77448001762435e+180, 2.77448001762435e+180,  2.77448001762435e+180, 2.77448001762435e+180, 2.77448001762435e+180,  2.77448001762435e+180, 2.77448001762435e+180, 2.77448001762435e+180,  NaN, NaN, NaN, 2.12196340842065e-314, 0, NaN, NaN, 1.46716622999793e-202,  NaN, 3.23785921002061e-319, -1.35691430041064e+306, NaN, 7.29111986021348e-304,  NaN, 2.81776925110178e-202, -1.11927179557237e+284, 2.81776900841821e-202,  4.97856690095543e-130, NaN, 6.95572067267543e-310, 6.95335580945396e-310,  -1.80979168363377e-06, 3.34876964184627e-303, 3.4811429936514e-315,  1.52165814691551e-96, 2.77448001762439e+180, 2.77448001762435e+180,  2.77448001762435e+180, 3.3212682458195e+178, 2.77448001762435e+180,  2.77448001762435e+180, 2.77477483546291e+180, 2.77448001762435e+180 ), y1 = c(2.81776889369607e-202, NaN, NaN, -Inf, 5.05234706559438e-299,  9.52578023916323e+139, NaN, 2.77478592362428e+180, 2.77448001762435e+180,  -4.69526163440602e+305, NA, NaN, 2.77448001762435e+180, 2.77448001762435e+180,  -2.97380833429894e+284, 5.38037782608482e-202, NaN, NaN, 2.12455197126707e+183,  2.77448001762435e+180, 2.77448001762435e+180, 1.12270427961027e-201,  2.81776900841821e-202, 2.81776901521521e-202, 2.81025057149182e-202,  2.81776900886378e-202, NaN, 5.72883812785161e-313, 2.09709678012102e-314,  0, 1.11303348385955e-308, 4.14452302922905e-317, NaN, NaN, NA,  NaN, NaN, NaN, NaN, NaN, NaN, NaN, NaN, NaN, -2.41175157305485e+305,  1.23387897093268e-178, 5.31529552496691e+179, NaN, NaN, 2.12455197126707e+183,  5.9575036817942e+228, 5.95750278984877e+228, 0), y2 = numeric(0))
result <- do.call(palm:::euc_distances,testlist)
str(result)