testlist <- list(x1 = 1.46716622999793e-202, x2 = c(-3.88382939487022e+281,  4.77830971783619e-299, NaN, NaN, 7.06327793312316e-304, 0, 0,  3.10412454864856e+168, 2.7744800222921e+180, 2.7744800176243e+180,  2.74814147082125e+180, 4.73529848475849e-220, -1.51460052722868e+304,  NaN, NaN, -2.76717196714618e+260, NaN, 7.2911220195564e-304,  3.0184217587203e-304, -5.8482987255789e+304, 2.8393744428858e-29,  1.23557402651338e-307, -1.51049469487563e+206, 1.03236324916593e-255,  2.93923558284121e+150, NaN, 2.77478592362428e+180, 2.77448001762435e+180,  6.01595732544243e+228, 5.95750278984877e+228, 2.77449988165032e+180,  1.1299860027957e+164, 2.77448001762435e+180, NaN, NaN, NaN, NaN,  NaN, NaN, NaN, NaN, Inf, -1.93111567221538e+306, NaN, 1.23387897093268e-178,  NaN, 2.12325524519395e+183, 2.77448001762435e+180, 2.08636472273428e-90,  -5.58657800069717e+303, -2.16408455876758e-243, -2.16408455681631e-243,  -2.16408455681631e-243, -2.16408455681631e-243, -2.16408455681631e-243,  -2.16408455681631e-243, -2.16408455681631e-243, -2.16408455681631e-243,  -2.16408455681631e-243, -2.16408455681631e-243, -2.16408455681631e-243,  0), y1 = c(2.81776912251073e-202, -1.48791703540516e+193, 2.01042830921278e+180,  NaN, 3.32653113638211e-111, -1.50240448687533e+308, NaN, NaN,  1.390671161567e-309, 1.25986739689518e-321, 0, 1.11897728190755e+87,  2.77478592360575e+180, 2.77448001762435e+180, 2.77448001762435e+180,  7.22549207269056e-225, NaN, 2.77478592362428e+180, 2.77448001762435e+180,  2.77448001762435e+180, 2.77448001762435e+180, 2.77448001762435e+180,  2.77448001762435e+180, 2.77448001762435e+180, NaN, 1.03833873673291e-309,  0, 2.77448001762435e+180, 1.28244619691012e-319, -1.31679709163094e+306,  NaN, 7.29111986021348e-304, -1.68802171649244e-09, NaN, NaN,  NaN, NaN, NaN, NaN, NaN, NaN, NaN, NaN, 2.85233884431018e+180,  2.77447973164857e+180, 6.46606462462021e-304, -1.55510075268455e+206,  NaN, NaN, 2.12455197126707e+183, 2.77448001762435e+180, 2.77448001762435e+180,  -1.55510104271851e+206, NaN, 2.77448001764258e+180, 2.77448001762435e+180,  -3.73056234456984e+305, 2.81776889369607e-202, 2.77447940541791e+180,  -1.5025396578815e+308, NaN, 2.77448001762442e+180, 2.77448001762435e+180,  NaN, 2.81776900841822e-202, 2.81821445698529e-202, 5.77245191526929e-275,  2.81779820918467e-202, 2.72413282810906e+180, NaN, 4.00258155356389e+135,  NaN, 11217211452555262, 2.81785695425601e-202, 2.82474604711356e-202,  5.05234694099024e-299, -8.97560839025054e+305, 2.8558437279985e-306,  2.75156884815778e-306, 1.91247227574305e-129, NaN, NaN, NaN,  -5.82900682309329e+303, 9.33678471000373e-313, 3.10412454864856e+168,  NaN, 1.20270629803677e-72, 2.12197592260939e-314, 1.40825002832274e+135 ), y2 = c(NaN, NaN, -1.79769228100388e+308, NaN, NaN, NaN, NaN,  NaN, NaN, NaN, 1.38733788747438e-309, 4.77830972673634e-299,  -1.80979259312153e-06, NaN, 10843967151050750, 4.97856690411823e-130,  2.81776911487937e-202, NaN, NaN, NaN, NaN, -1.93111567221538e+306,  NaN, 1.23387897093268e-178, -3.73056436560456e+305, -1.31684121528187e+306,  -2.97403381693418e+284, -2.89204795273377e+304, 5.32620943531789e-312,  -1.51049469487563e+206, 1.03236324916593e-255, -6.36184286618373e-21,  2.81776900842669e-202, 2.81776900841821e-202, NaN, 5.18365505937542e-130,  NaN, 3.32535613919497e-93, 2.77448001743148e+180, Inf, 2.77448001764258e+180,  NaN, NaN, 2.77448001762435e+180, 2.77448001762435e+180, NaN,  4.97856690095543e-130, 2.81776900841821e-202, 2.81025057772978e-202,  -5.51570611153861e+303, NaN, NaN, -5.48612406887352e+303, -1.50248339273646e+308,  NaN, NaN, 1.53156806065201e-221, 1.46306931704867e-168, 1.66078032485945e-316,  NaN, NaN, 4.29994436692314e-305, 7.29112201842924e-304, NaN,  2.8177690082994e-202, 2.78632703328959e-309, 0, NaN, 1.57027688530936e-312,  -3.7193240634675e+203, -2.88508865843486e+284, 0))
result <- do.call(palm:::euc_distances,testlist)
str(result)