testlist <- list(x1 = NaN, x2 = NaN, y1 = c(NA, NaN, NaN, 1.40842747918316e+135,  -5.48612496803981e+303, -4.15087034103719e+305, NaN, -3.33200609008337e+203,  8.28896799608605e-317, -3.07180087508159e+305, NaN, NaN, 1.75249501453418e+183,  2.77448001762435e+180, 2.77448001762435e+180, 9.52157095844336e-307,  2.77448001761241e+180, 2.15162051651561e-312, 2.77448001761239e+180,  2.77448001762435e+180, 9.52157095844336e-307, 2.77448001762435e+180,  2.7743771326759e+180, 2.34697344078299e-202, NaN, 5.05179928807513e-299,  NaN, 1.58437917542896e-314, 8.37116099364271e+298, NaN, NaN,  -1.28299732011783e-05, 2.77446737753061e+180, NaN, -1.66826392023568e-308,  NaN, 2.83196538222417e+238, 2.8396262443943e+238, 2.8396262443943e+238,  2.8396262443943e+238, -6.33257813352977e+281, 2.83998035976795e+238,  2.85813999448285e+238, 2.77478591933699e+180, -1.36055836461886e+306,  NaN, NaN, 3.78576880158914e-270, 1.06099789548264e-314, NaN,  NaN, NaN, 0), y2 = c(0, NaN, NaN, NaN, -2.94934029938349e+307,  4.49863107684144e-312, -1.50493695303394e+206, NaN, 5.05204757711903e-310,  2.81773963954832e-202, 5.18365505937542e-130, NaN, 3.32535613919497e-93,  2.77448001743148e+180, 3.07594210200035e-304, 1.27654717701454e+74,  NaN, NaN, NaN, 5.41108959074737e-312, Inf, NaN, -Inf, 2.77448001762442e+180,  2.77448001762435e+180, 2.77448001762435e+180, 2.77855125574191e+175,  2.83962624441215e+238, 2.8396262443943e+238, 2.8396262443943e+238,  2.8396262443943e+238, 2.8396262443943e+238, NaN, 2.7744800222921e+180,  NaN, -Inf, NaN, 2.81776889369607e-202, 2.8312247216022e-202,  2.81776900841821e-202, 4.85716195438157e-275, 2.81779820918467e-202,  -2.6234033551085e+193, 2.52961610670718e-321, NaN, 4.10208526616823e-63,  NaN, NaN, NaN, 3.53525146170721e-111, 2.12199566448447e-314,  -1.55510151515669e+206, NaN, 2.77448001764258e+180, 2.77448001762435e+180,  -1.31666977453567e+305, 2.81776900842191e-202, NaN, 7.51096212038602e+105,  NaN, 1.25986739689518e-321, 1.81496220615324e-308, 0, 7.09531265446465e-304,  NaN, NaN, 1.2765926678447e-309, 2.77448001580089e+180, 2.77448001762435e+180,  2.77448001762435e+180, 2.77448001762435e+180, NaN, 1.13438957124271e-304,  2.84809454419615e-306, 2.7744800176243e+180, 2.74864620876054e+180,  5.95750278984877e+228, -5.48612885545568e+303, -4.27197407184182e+96,  -5.48612668573919e+303, NaN, -5.48612233074406e+303, NaN, -5.82900682309329e+303,  -4.30719006079201e+203, 1.3906710787284e-309, 3.4436337341653e+178,  2.77448001762435e+180, -1.30265682407021e-09, -2.5195518696792e+193,  2.77448001762435e+180, 2.81776912248374e-202, 0))
result <- do.call(palm:::euc_distances,testlist)
str(result)