testlist <- list(x1 = NaN, x2 = c(8.28903518901389e-317, NaN, 1.34497461904945e-284,  2.77448083690638e+180, 2.77448001762435e+180, NaN, 4.9793521853195e-130,  1.91602339479084e-130, NaN, 2.81818330914472e-202, 4.54230848286169e-172,  2.75909158454721e-306, 1.03236274501113e-255, -4.55031976080619e-06,  NaN, 2.77448001762442e+180, 2.77448001762435e+180, 5.95750278986238e+228,  5.95750278984877e+228, 2.77448001762435e+180, 2.77447999135757e+180,  2.77448001762435e+180, 8.28903518901389e-317, 7.15292854123106e-207,  3.42000639026337e-62, -4.18567934593818e-09, NaN, 2.77441591858165e+180,  2.77447923698777e+180, 1.75249501453415e+183, 5.12587173696808e-202,  2.77473860691867e+180, 2.85729382227919e-202, NaN, -4.14341918150116e+202,  6.95335580793619e-310, 6.953355807835e-310, NaN, NaN, -3.71932406351313e+203,  NaN, NaN, NaN, NaN, NaN, 1.61652255300762e+161, 1.80331613627912e-130,  6.9533558094545e-310, 6.95335580945396e-310, 1.71906122826459e-260,  NaN, 3.28264580180122e-28, 1.81011633135492e-47, 8.89435855574548e+298,  NaN, 2.75170193771118e-306, 2.77448002006311e+180, 2.77448001762435e+180,  5.29330710504042e+199, NaN, 4.34584739609186e-311, 6.95335580945396e-310,  1.75249501453415e+183, 2.77448001762435e+180, 2.77448001762435e+180,  NaN, 2.77448001762435e+180, 2.77448001762435e+180, 2.77448001762435e+180,  2.77448001762435e+180, 5.50814852228496e-310, 5.15370255578602e+135,  NaN, 1.75738820099344e+159, 2.81773963955111e-202, 2.81776897800248e-202,  5.05234706559438e-299, 0, 0), y1 = c(NaN, 5.43230922486616e-312,  NaN, -3.5659806447159e+304, NaN, NaN, 2.77478592362428e+180,  2.77448001762435e+180, NaN, 4.97856690095543e-130, -4.69526163036019e+305,  NaN, 1.39234637988959e+188, -4.69519668019788e+305, 2.77448001762442e+180,  -3.81748178339903e+305, 1.46716622999793e-202, 8.99742334010694e+178,  NaN, NaN, NaN, 2.77448121250928e+180, 4.05490708849986e+228,  2.77427940978463e+180, NaN, NaN, NaN, NaN, NaN, NaN, NaN, NaN,  NaN, NaN, NaN, NaN, NaN, 8.97020077579629e+271, -6.67885195864794e+305,  NaN, NaN, -2.19656562901552e-243, -2.16408455681631e-243, -2.16408455681631e-243,  -2.16408455681631e-243, NaN, NaN, 1.91561919465884e+53, NaN,  NaN, NaN, NaN, NaN, NaN, NaN, NaN, NaN, NaN, NaN, NaN, NaN, 3.32734246264643e-111,  NaN, NaN, NaN, NaN, NaN, NaN, 1.5481115657933e+106, 1.34497461904945e-284,  2.77477483548103e+180, 2.77448001762435e+180, 2.77448001762435e+180,  -Inf, 2.77448001762435e+180, 2.77448001762435e+180, 2.77448001762435e+180,  2.77448001762435e+180, 2.77448001762435e+180, NaN, 2.77448001761822e+180,  2.77448001762435e+180, 2.9816228796791e+179, 1.52092470032823e-47,  NaN, 2.81776912185734e-202, -1.48791703540516e+193, 0), y2 = numeric(0))
result <- do.call(palm:::euc_distances,testlist)
str(result)