testlist <- list(x1 = c(NaN, 7.48606336523954e-114, NA, 0, 0, 0, 0, 0, 0,  0, 0, 0, 0, 0, 0, NaN, 0, 0, NaN, NaN, 5.43230903514495e-312,  -4.65661287307739e-10, NaN, -3.73056436677971e+305, 5.38395142269968e+303,  1.6715166231853e+69, 1.63408994387247e+69, 1.63408994387247e+69,  1.63408994387247e+69, 1.53829133480591e-114, 1.74529567623491e+194,  0), x2 = c(6.95335580945396e-310, 1.6189543082926e-319, -1.54983782185572e-308,  -1.06099789548264e-314, 1.06099789548264e-314, NaN, -1.80979258958269e-06,  3.34876964184627e-303, 1.18182126306977e-125, 4.13000185147604e-27,  8.37116099366851e+298, 2.06490369802973e+183, -4.27197407184175e+96,  7.78776273814619e-308, 5.43230890108024e-312, NaN, 6.95572067267543e-310,  6.95335580945396e-310, 1.6189543082926e-319, 2.39021688577355e-310,  -1.41149075388308e+204, 2.77448121256959e+180, 2.77448001764192e+180,  2.77448001762435e+180, 2.77448001762435e+180, 2.77427973105332e+180,  NaN, -4.1507664470813e+305, 2.77448001764258e+180, 2.77448001762435e+180,  2.77448001457499e+180, 9.95133540168821e-71, NaN, -2.97403381695557e+284,  NaN, NaN, NaN, NaN, NaN, NaN, NaN, NaN, NaN, NaN, NaN, -2.56814527210838e+207,  NaN, NaN, -0.000153938424773514, -1.78813948892303e-06, 6.13636401989531e-92,  NaN, NaN, 3.13131894951418e-294, 5.77309623250209e-275, NaN,  2.12183389504038e-314, 1.52165814691551e-96, 2.8188016407207e-304,  1.51771006963393e+82, 6.18898099962386e-317, -1.31666977651049e+306,  NaN, 2.81776900841821e-202, 2.81776900841821e-202, 5.77303036195345e-275,  5.9575036817942e+228, 5.95750278984877e+228), y1 = c(-5.82900681039975e+303,  Inf, 2.81025057844013e-202, NaN, -2.60770320894502e-08, -3.52404695853646e+196,  1.14844740070893e-202, 2.81776900841822e-202, 2.81776900841821e-202,  -Inf, 9.41559289974402e+298, 2.81776912251073e-202, -2.61607056017957e-08,  -3.52404695853646e+196, 1.32981123907252e-125, 4.00204702980323e-270,  1.06099789548264e-314, -5.31468399963779e+303, NaN, 2.01042912566055e+180,  2.77448001762435e+180, 2.85279195295342e+180, 2.77448001762435e+180,  NA, 3.08983059974054e+168, NaN, NaN, NaN, NaN, NaN, NaN, NaN,  NaN, -2.97403381695557e+284, NA, 2.7744800222651e+180, 2.77448001762433e+180,  -1.5025396578815e+308, NaN, 2.7744800222921e+180, 2.77448001762435e+180,  NaN, 6.01595732544253e+228, 5.95750278984877e+228, 2.80996918978099e-202,  -4.38329553372473e-193, 2.81025057844006e-202, 2.81776900886378e-202,  -4.69513774122325e+305, 2.81777078718385e-202, -1.51460046556257e+304,  2.82520140954222e-202, 1.08694442085074e-322, NaN, NaN, NaN,  5.9310795707413e+228, 0), y2 = c(2.77448001762435e+180, 2.77448001762435e+180,  5.50814852228496e-310, Inf, 5.95750278984882e+228, 5.95750278984877e+228,  2.77446770781474e+180, 2.72332021874044e+180, 2.77448001762435e+180,  3.93068123148255e-199, 7.99571388070545e+182, 2.77448001762435e+180,  2.81776900886378e-202, -5.00181487693708e+204, -6.63419649761132e-316,  0, -1.36055810197372e+306, 6.05348017630145e-310, 1.39901314880943e-306,  2.81773963955111e-202, -2.97403381693706e+284, -2.3436036256379e+305,  NaN, NaN, NaN, -1.50234452734826e+308, -9.25649757588077e+303,  2.67078266121977e-306, 2.81776900886388e-202, -9.64741376890647e+206,  2.77124415362576e+180, 2.77448001762435e+180, 5.43230919754433e-312,  1.73817513388369e-307, -1.65515195903946e-09, 2.74106872594399e+180,  2.77448001762435e+180, -4.38329553372477e-193, 2.81025057844006e-202,  2.81776900886378e-202, NaN, 2.82524440463152e-202, -2.12361879958362e-243,  5.26059814830126e-306, -1.50248339236548e+308, NaN, 2.77448001762442e+180,  1.61652255300758e+161, -1.40444776160561e+306, 4.34584739609186e-311,  1.6189543082926e-319, -2.16408393898981e-243, -2.16408455681631e-243,  -2.16408455681631e-243, -2.16408455681631e-243, 0))
result <- do.call(palm:::euc_distances,testlist)
str(result)