testlist <- list(x1 = NaN, x2 = c(3.0653001409108e-304, 4.63487076842768e-299,  2.81779821610332e-202, 4.67467681308055e-260, 4.60338010031665e+149,  NaN, 1.94792582324359e-314, -1.52420129157283e+206, NaN, NaN,  7.2911220195564e-304, 3.22526053605166e-319, 0, 4.77830971783619e-299,  2.85279194886303e+180, 2.77448001762435e+180, 2.77448001762435e+180,  2.77448001762435e+180, NaN, 2.85279195360568e+180, 2.77448001762435e+180,  2.77448001762435e+180, 2.77448001762435e+180, 2.77448001762435e+180,  2.77448001762435e+180, 2.77448001762435e+180, 2.77448001762435e+180,  2.77448001762435e+180, 1.02064076299241e-202, -4.54978632702864e-06,  NaN, 2.77448001762442e+180, 2.77448001762435e+180, 2.77448001762435e+180,  2.77448001762435e+180, 2.77448001762435e+180, 2.77448001762435e+180,  2.77448001762435e+180, 2.77448001762435e+180, 8.40476764068988e-315,  7.38287990267997e+56, -1.78179153423514e+92, NaN, 2.77448001764258e+180,  2.77448001762435e+180, 2.77448001762435e+180, 2.77448001762435e+180,  5.50814852228496e-310, -1.65090252232658e-09, -2.41785163922925e+24,  -5.77007384969805e+303, 2.77448001744634e+180, -1.31666977453567e+305,  8.94993554073547e+178, 2.80676209822908e-202, 2.80775939369878e-202,  2.08636472275143e-90, 2.41756201823039e-319, NaN, NaN, NaN, 3.32535613919497e-93,  9.52157095778146e-307, NaN, -1.66826392023568e-308, -1.38793378667286e-309,  NaN, 0, 9.36563296351276e-97, NaN, 2.77478592362428e+180, 2.77436525631807e+180,  NaN, 4.77830972673648e-299, -5.48612406879369e+303), y1 = c(2.81776912251073e-202,  -1.48791703540516e+193, -6.49604421995537e+153, -6.67761414550082e+153,  -6.67761414550082e+153, -6.67761414550082e+153, -7.5994753370098e-06,  -3.26417736531607e-09, -2.35280757620744e+150, -6.67761414550082e+153,  -6.67761414550082e+153, -6.67761414550082e+153, -6.67761414550082e+153,  -6.67761414550082e+153, -6.67761414550082e+153, -6.67761414550082e+153,  -6.67761414550082e+153, -6.67761414550082e+153, 2.77447997494773e+180,  -2.56842573317787e+207, -2.41785163922919e+24, 1.15164955567267e-309,  -4.65661287307739e-10, NaN, 6.45271418143364e-307, 2.81025057772722e-202,  6.48024597825776e-198, NaN, -6.54705712752652e-21, 2.77447996824898e+180,  -2.56842573317787e+207, 1.98937072828034e+87, NaN, NaN, NaN,  1.38523893523259e-309, 0, -5.48612406879369e+303, -4.15087034103719e+305,  2.77448001764258e+180, 2.77448001762435e+180, 1.27654717701454e+74,  NaN, NaN, NaN, 5.41108959074737e-312, 0, NaN, NaN, 2.77448001762442e+180,  2.77448001762435e+180, 2.77448001762435e+180, -4.55031865550493e-06,  NaN, 2.77448001762442e+180, 2.77448001762435e+180, 2.77448001762435e+180,  2.77448001762435e+180, 2.77448001762435e+180, 2.77448001762435e+180,  2.77448001762435e+180, 2.77448001762435e+180, 8.40476764068988e-315,  7.38287990267997e+56, 2.77448001762435e+180, -1.78179153423514e+92,  NaN, 2.77448001764258e+180, 2.77448001762435e+180, 2.77448001762435e+180,  2.77448001762435e+180, 2.77448001762435e+180, 2.77448001762435e+180,  2.77448001762435e+180, 2.77448001762435e+180, 2.15162051651561e-312,  -1.6348363426899e-09, NaN, NaN, 2.52467545024877e-321, NaN, 1.67635632281818e-260,  4.66801770082556e-62, -1.44931498186579e+304, 2.78158958608622e-321,  NaN, 2.77478592362428e+180, NaN, NaN, NaN), y2 = c(2.02125105981393e+180,  NaN, NaN, -1.19558422197186e-07, -3.73056234457184e+305, -2.70083546592402e-08,  NaN, 1.25986739689518e-321, 1.81935714030795e+230, 5.95739957412421e+228,  -1.11927179557293e+284, 2.77478411568754e+180, 2.77448001762435e+180,  -4.69526163440602e+305, 5.77309622580218e-275, NaN, NaN, NaN,  1.390671161567e-309, 0, 0, 0, 0, 0, 0, 0, 0, 0, 0, 0, 0, 0, 0,  0, 0, 0, 0, 0, 0, 0, 0, 0, 0, 0, 0, 0, 0, 0, 0, 0, 0, 0, 0, 0,  0, 0, 0, 0, 0, 0, 0, 0, 0, 0, 0, 0))
result <- do.call(palm:::euc_distances,testlist)
str(result)