testlist <- list(x1 = 6.25928358296196e-68, x2 = c(-1.06099789548264e-314,  2.77428038028367e+180, 2.75573830912232e+180, 1.75725864476309e+159,  NaN, 2.85279195360568e+180, 2.77448001762435e+180, 2.96247255503426e-314,  5.77309347799407e-275, 2.81779820918467e-202, 2.81776900841821e-202,  5.05234695725371e-299, 2.85279195360568e+180, 2.77448001762435e+180,  2.96247255503426e-314, 5.77309347799407e-275, 2.81779820918467e-202,  2.81776900841821e-202, -5.53165795262348e+303, 6.76597883938242e-251,  2.72337285840932e+180, 2.77448001762435e+180, NaN, 4.97856690095543e-130,  -4.69526163035999e+305, NaN, NaN, 2.77478591895652e+180, 2.77448001762435e+180,  2.77448121256959e+180, 2.774479569338e+180, -4.69571367709967e+305,  NaN, -7.20053784029172e+303, 2.77448002082467e+180, NaN, NaN,  1.04247851272503e-321, NaN, NaN, NaN, 9.41559289974402e+298,  2.81776912251073e-202, -1.48791703540516e+193, 2.01042830921278e+180,  NaN, NaN, NaN, NaN, -5.82900682309329e+303, 1.71906122826459e-260,  NaN, 3.28264580180122e-28), y1 = c(-1.36055810198394e+306, -5.6353781853175e+303,  3.62493916620294e-111, 2.77448002227005e+180, 2.77448001762435e+180,  5.9575036817942e+228, 5.95750278984877e+228, 2.77448001792745e+180,  2.7727585980301e+180, 2.77448001762435e+180, 2.77448001762435e+180,  5.50814852228496e-310, 5.76746527728564e+138, 5.95750278984882e+228,  5.95750278984877e+228, 2.77446770781474e+180, 2.72332021874044e+180,  2.77448001762435e+180, 3.93068123148255e-199, 7.99571388070545e+182,  2.77448001762435e+180, 2.81776900886378e-202, -5.00181487693708e+204,  -6.63419649761132e-316, 0, NaN, NaN, -2.97403381695557e+284,  NaN, NaN, NaN, NaN, NaN, NaN, NaN, NaN, NaN, NaN, 2.85233884431018e+180,  2.77447973164857e+180, NaN, NaN, 2.77448121256966e+180, -1.82019222044489e-306,  1.39884169416053e-306, 5.95750278984877e+228, 2.77432309181735e+180,  NaN, 5.43230922486616e-312, 2.84809453893066e-306, 2.77448001764086e+180,  2.77448001762435e+180, 2.15162051651561e-312, 1.13812923172811e+179,  -2.1645736825066e+307, NaN, 2.29260771743207e+303, 6.80564733841877e+38,  10843961455794686, 6.99950056883619e-201, 2.81776900841983e-202,  2.7744792494123e+180, 2.77448001762128e+180, 2.77448001762435e+180,  2.15162051651561e-312, -1.6348363426899e-09, 2.81025057841046e-202,  2.81776900886378e-202, -1.11927179557237e+284, 3.06530172927531e-304,  7.22549207269045e-225, NaN, 2.77478592362428e+180, NaN, -5.48746345455267e+303,  2.7744800222921e+180, 2.77448001762435e+180, 2.77448001762435e+180,  9.47241209628507e-306), y2 = c(2.7744800176243e+180, NaN, NaN,  NA, 2.77448001762435e+180, -4.69526163440602e+305, NaN, NaN,  2.77448001762435e+180, 2.77448001762435e+180, -2.97380833429894e+284,  5.38037782608482e-202, NaN, NaN, 2.12455197126707e+183, Inf,  2.77448001762435e+180, 1.12270427961027e-201, 2.81776900841821e-202,  2.81776901521521e-202, 2.81025057149182e-202, 2.81776900886378e-202,  NaN, NaN, NaN, NaN, NaN, 8.25666697229224e-317, 0, NaN, NaN,  NaN, 5.43230922486616e-312, -4.65661287307739e-10, -2.70083546637395e-08,  NaN, -2.11899199031169e+307, NaN, NaN, NaN, NaN, 5.43189477256323e-312,  1.67635632281809e-260, 2.43989886790397e-310, 0.00047677755355835,  1.01678721623348e-171, 4.95911335429592e-202, 4.48896483198783e-260,  5.38128466814806e-202, NaN, 7.99173712248595e-308, 2.7744800176236e+180,  NaN, 2.77448001762442e+180, NaN, 9.29491487429342e+182, 2.77448001762435e+180,  2.77448001762435e+180, -2.97380775819672e+284, 5.38037782608482e-202,  2.81776900841821e-202, 2.81773963954833e-202, NaN, 2.77447924941208e+180,  NA, 2.77448001762435e+180, 2.77448001762435e+180, 2.77448001762435e+180,  2.77448001762435e+180, 2.77448001762435e+180, 2.77448001762435e+180,  1.28244619691012e-319, NaN, 2.12455197126707e+183, 2.77448001762435e+180,  2.77448001762435e+180, -1.55510104271851e+206, NaN, 2.77448001764258e+180,  2.77448001762435e+180, -3.73056234456984e+305, 2.81776889369607e-202,  2.77447940541791e+180, -1.5025396578815e+308, 0))
result <- do.call(palm:::euc_distances,testlist)
str(result)