testlist <- list(x1 = Inf, x2 = NaN, y1 = c(2.7502984733185e-135, NaN, 5.48545699190191e+303,  NaN, 3.9886384405544e-91, 1.13923782404367e-305, 2.75909158067388e-306,  1.38523901781317e-309, NaN, 3.3487723144616e-303, 1.18182126306977e-125,  4.13000185147604e-27, 8.37116099366851e+298, 7.51095820725777e+105,  NaN, -5.82900682309329e+303, NaN, 4.98669010876345e-312, NaN,  -2.11899199031169e+307, NaN, NaN, NaN, NaN, 5.43189477256323e-312,  1.67635632281809e-260, -3.52444640470551e+196, 2.81776912248137e-202,  2.81776900841821e-202, 2.81776900841821e-202, 4.48896483198783e-260,  5.38128466814806e-202, NaN, 7.99173712248595e-308, 2.7744800176236e+180,  NaN, 2.77448001762442e+180, NaN, 2.12455197126707e+183, -0.000153938424773514,  0, NaN, NaN, 5.48545699190191e+303, 1.39889278681467e-306, NaN,  7.15131437095871e-304, 2.39021688577355e-310, -1.41149075388308e+204,  NaN, 7.29023190852836e-304, 5.43225836212213e-312, -5.48612406879369e+303,  9.33678471000373e-313, 3.10412454864856e+168, 2.7744800222921e+180,  2.77448001762442e+180, 2.77448001762435e+180, 2.77448001762435e+180,  2.77447923525493e+180, 9.52157095844336e-307, 2.77447923395664e+180,  2.77448001762435e+180, 2.77448001762435e+180, 2.77448001761244e+180,  2.82010673669098e+179, 2.77448001762435e+180, 2.81776900886378e-202,  -5.00181487693708e+204, NaN, 1.03833873673291e-309, 0, NaN, -3.73056436677971e+305,  -1.48791703540521e+193, 2.01042830921278e+180, -4.69526163440602e+305,  -5.77007384969805e+303, 2.77427939097716e+180, 2.83962612749882e+238,  2.8396262443943e+238, 2.8396262443943e+238, 2.8396262443943e+238,  2.8396262443943e+238, 2.8396262443943e+238, 2.77448121255285e+180,  6.8990322149929e-310, NaN, NaN), y2 = c(-2.25310239761229e+204,  5.7537465036642e-49, 1.15163156848979e-309, -4.65661287307739e-10,  NaN, 6.45271418143364e-307, 2.81025057772722e-202, 6.48024597825776e-198,  NaN, -6.54705712752652e-21, 2.77447996824898e+180, -2.56842573317787e+207,  1.98937072828034e+87, NaN, NaN, -1.54223965309304e+206, NaN,  10843961477955214, 9.26419250662757e+159, 2.81776900883407e-202,  2.77428335534071e+180, 2.77448001762435e+180, 2.77448001762435e+180,  -1.78179153423514e+92, NaN, 2.77448001764258e+180, 2.77448001762435e+180,  2.77448001762435e+180, 2.77448001762435e+180, 2.85729382227919e-202,  2.77432333142229e+180, -1.55510104271851e+206, NaN, 2.12439534740444e+183,  2.77448001762435e+180, 1.7572552928111e+159, 2.81773963955111e-202,  -3.9851050691209e-08, -3.73056234457184e+305, NaN, 2.77448002229187e+180,  -1.31666977453567e+305, 2.81776900842191e-202, 2.93180384159114e-202,  NaN, 2.82524440463152e-202, 3.64710345055108e+178, 5.3803634585478e-202,  NaN))
result <- do.call(palm:::euc_distances,testlist)
str(result)