testlist <- list(x1 = Inf, x2 = c(1.75249501453418e+183, NaN, -Inf, 9.52157095844336e-307,  2.77448001761241e+180, 2.15162051651561e-312, Inf, 2.77448001762435e+180,  9.52157095844336e-307, 2.77448001762435e+180, 2.7743771326759e+180,  2.34697344078299e-202, NaN, 5.05179928807513e-299, NaN, 1.58437917542896e-314,  8.37116099364271e+298, NaN, NaN, 1.11897728190755e+87, 2.77446737753061e+180,  NaN, -1.66826392023568e-308, 2.77448001456303e+180, 2.83962624439252e+238,  2.8396262443943e+238, 2.8396262443943e+238, 2.8396262443943e+238,  2.8396262443943e+238, 2.8396262443943e+238, 2.8178293571416e-202,  NaN, 2.67078266604632e-306, 2.42177132530151e-203, NaN, 2.7744800222921e+180,  2.77448001762435e+180, -Inf, 5.95750278984877e+228, 2.77448001792745e+180,  2.7727585980301e+180, 2.77448001762435e+180, 2.77448001762435e+180,  5.50814852228496e-310, 5.76746527728564e+138, 5.95750278984882e+228,  5.95750278984877e+228, 2.77446770781474e+180, 2.72332021874044e+180,  2.77448001762435e+180, 3.93068123148255e-199, NaN, 0), y1 = c(-Inf,  NaN, 2.72331824009723e+180, 2.77448001762435e+180, 2.77448001762435e+180,  2.77448116925653e+180, 2.77448001762435e+180, 2.15162051651561e-312,  NaN, NaN, NaN, NaN, -Inf, NaN, NaN, NaN, 2.77448001763388e+180,  NaN, NaN, NaN, 0), y2 = c(NaN, NaN, NaN, NaN, 2.77448009958284e+180,  2.33379660149563e+180, 2.77448001762435e+180, 2.77448001762435e+180,  9.52157095844336e-307, -2.95639038085938e-05, 5.95750278986237e+228,  1.06138631803582e-314, -1.06099789548264e-314, 4.73791147643745e+226,  5.95750278984877e+228, NaN, 6.13636683162216e-92, 2.77447923392649e+180,  2.77428017465996e+180, -3.8838293948447e+281, 7.82241239475435e-135,  2.92342128184815e-202, 1.52165814691554e-96, 2.8188016407207e-304,  2.81776900886377e-202, 2.81776900841821e-202, 2.79344716158641e-320,  -8.94453365213276e+303, 2.82524617580743e-202, 6.68887129296283e-198,  4.03116306611084e-139, 3.09483550609771e-58, 9.88131291682493e-324,  -1.80958555782979e-06, NaN, NaN, 4.97856690095543e-130, 2.81776900841774e-202,  1.0884089973787e-311, -1.80979168362683e-06, 6.13636401989531e-92,  9.5308549527414e-313, NaN, -6.54705712752652e-21, 2.77447996824898e+180,  -3.35414052931093e+204, 2.7744800222921e+180, -1.48287653073018e+308,  NaN, NaN, NaN, NaN, 2.81822437242284e-202, 2.74399947574236e-304,  NaN, 4.60924866111231e-172, NaN, NaN, 2.81025057844006e-202,  2.81776122199272e-202, 3.06531230928347e-304, 3.24180903818828e+178,  2.77448001762435e+180, 2.77448001762435e+180, 2.77448001762435e+180,  2.77448001762435e+180, -2.97380833429894e+284, 5.38037782608482e-202,  NaN, 4.10208526616823e-63, 3.75445139179815e-308, NaN, 4.10208526616823e-63,  -5.48612462055058e+303, 8.28904309406422e-317, 8.30987197266567e-246,  6.42285339593621e-323, 2.68076846072465e-135, NaN, -3.33200609008337e+203,  8.28896799608605e-317, -3.07180087508159e+305, 1.42467979129749e-317,  0, 0, 0))
result <- do.call(palm:::euc_distances,testlist)
str(result)