testlist <- list(xs = c(8.4076519629879e-307, -2.43660247161233e-65, -5.52010389889367e+298,  5.36067396334003e+43, -1.93158458506025e+304, 9.63392836736004e+58,  4.35475126437467e-293, 5.39981168764169e-173, -8.47796659460257e-55,  -8.44451166446868e-55, -1.56500839841836e-209, -8.39333280589614e-55,  -8.44451166446868e-55, -8.44451146999945e-55, 1.66566644217317e+174,  3.93887770105036e-152, -1.52828665715311e+267, 1.05662835834729e+270,  -2.1932826178243e-127, 1.03170982599498e-192, 2.13607090682034e-306 ), ys = c(-2.56826827729912e+207, -5.08118486552642e+173, -2.94861552261368e-305,  -2.937446524423e-306, -2.937446524423e-306, -2.937446524423e-306,  -2.937446524423e-306, -2.937446524423e-306, -2.937446524423e-306,  -2.937446524423e-306, 1.94515306612155e-168, 2.54825714233544e+59,  3.56436298713034e+59, -1.77299168404398e+290, -1.91994700116106e+163,  1.13273105369686e-177, 6.48300761521309e-67, -1.25991879908868e+103,  -8.44497468259577e-55, -8.44451166447647e-55, -8.44451166446868e-55,  -8.44451166446868e-55, -8.44451166446868e-55, -2.48161893925896e-93,  -1.4229331199028e-22, -8.29442366597046e+230, 2.7188487154808e-312,  -1.47181078400501e+306, 1.36350953255237e-309, 3.55246971360449e+59,  3.55259342137649e+59, 3.55259342137649e+59, 3.55259342137649e+59,  3.55259342137649e+59, 3.55259342137649e+59, 9.47733323952714e-84,  1.35462340775994e-20, 6.10620964854389e-103, 6.25044347500275e-179,  -3.01493129191476e-306, 3.34789687046528e+191, 2.11849513727021e-310,  3.87237669129893e-50, -1.95382633404694e+225, 6.32469532344178e-245,  2.57161090945998e+194, 5.36155696647602e+43, -1.93158465863491e+304,  -8.44464307704912e-55, -8.48593205415808e-55, -8.44451166446868e-55,  -8.44451166446868e-55, -8.44451166446868e-55, -8.44451166370903e-55,  -2.937446524423e-306, -2.937446524423e-306, -2.937446524423e-306,  -2.937446524423e-306, -2.937446524423e-306, -2.9541345783618e-306,  -2.937446524423e-306, -2.38608045789139e-185, 4.18067227798366e-178,  7.98324709324009e-116, 4.18089656556788e-187, 1.23889253869638e-90,  -4.13573048511949e+295, 4.18067248962006e-178, 1.39067763579936e-309,  2.41654990546135e-14, 3.48226382238004e-75, 8.85156567987098e-76,  1.45073636787675e+243, -9.72202529065273e+33, 1.79940584727586e-211,  2.90114728046565e-306, 3.55259342136778e+59, 3.5653437842765e+59,  1.46244162391891e+59, 3.55259342137649e+59, 3.55259342137649e+59,  3.55259342137649e+59, 3.55259342137649e+59, 3.55259342137649e+59,  3.55259342137651e+59, 3.55259342140571e+59, 3.55259342137649e+59,  3.87733180313797e+55, 6.75526251730249e+170, 0, 0, 0, 0, 0, 0,  0))
result <- do.call(precrec:::calc_auc,testlist)
str(result)