testlist <- list(xs = c(2.90435521007895e-144, 2.90435521007895e-144, 2.90435521007895e-144,  2.90435521007895e-144, 2.90435521007895e-144, 2.90435521007895e-144,  2.90435521007895e-144, 2.90435521007895e-144, 2.90435521007895e-144,  2.90435521007895e-144, 2.90435521007895e-144, 2.90435521007895e-144,  2.90435521007895e-144, 2.90435521007895e-144, 2.90435521007895e-144,  2.90435521007895e-144, 9.01204337245086e-144, 2.90435521007895e-144,  2.90435521007895e-144, 2.90435521007895e-144, 2.90435521007895e-144,  2.90435521007895e-144, 2.90435521007895e-144, 2.90435521007895e-144,  2.90435521007895e-144, 2.90435521007895e-144, 2.90435521007895e-144,  2.90435521007895e-144, 1.93290314234178e-134, 2.90435521009924e-144,  2.90435521007895e-144, 2.90435521007895e-144, 2.90435521007895e-144,  2.90435521007895e-144, 2.90435521007895e-144, 2.90435521007895e-144,  6.54004941156447e-311, -9.91071504012515e+294, 1.69902225353296e-205,  -1.71187158074964e-135, 1.2884604463427e-231, -5.3414006215625e+231,  2.90435521010439e-144, 2.90435521007895e-144, 2.90435521007895e-144,  2.90435521007895e-144, 2.90435521007895e-144, 1.69902225352044e-205,  3.028442648375e-144, 2.90435520955687e-144, 2.90435521007895e-144,  2.90685781394793e-144, 2.90435521007895e-144, 2.90435521007895e-144,  2.90435521007895e-144, 2.90435521007895e-144, 2.90435521007895e-144,  2.90435521007895e-144, 2.90435521007895e-144, 2.90435521007895e-144,  2.90435521007895e-144, 2.90435521007895e-144, 2.90435521007895e-144,  2.90435521007895e-144, 2.90435521007895e-144, 2.90435521007895e-144,  2.90435521007895e-144, 2.90435521007895e-144, 2.90435521007895e-144,  2.90435521007895e-144, 2.90435521007895e-144, 2.90435521007895e-144,  -7.09365413152674e-304, 2.90435521008274e-144, 2.90435521007895e-144,  2.90435521007895e-144, 2.90435521007895e-144, 2.90435521007895e-144,  2.90435521007895e-144, 2.90435521007895e-144, 2.90435521007895e-144,  2.90435521007895e-144, 2.90435521007895e-144), ys = c(2.90469556825259e-144,  2.90435521007895e-144, 2.90435521007895e-144, 2.90435521007895e-144,  2.90435521007895e-144, 2.90435521007895e-144, 2.90435521007895e-144,  2.90435521007895e-144, 2.90435521007895e-144, 2.90435521007895e-144,  2.90435521007895e-144, 2.90435521007895e-144, 2.90435521007895e-144,  2.90441875275531e-144, 2.90435521007895e-144, 2.90435521007895e-144,  2.90435521007895e-144, 2.90435521007895e-144, 2.90435521007895e-144,  2.90435521007895e-144, 2.90435521007895e-144, 2.90435521007895e-144,  2.90435521007895e-144, 2.90435521007895e-144, 2.90435521007895e-144,  -5.43468503796972e-90, -2.02162980664513e-181, -2.24779945206335e-270,  3.10211826298138e+173, 0, 0, 0, 0, 0, 0, 0, 0, 0, 0, 0, 0, 0,  0, 0, 0, 0, 0, 0, 0, 0, 0, 0, 0, 0, 0, 0, 0, 0, 0, 0, 0, 0, 0,  0, 0, 0, 0, 0, 0, 0, 0, 0, 0, 0, 0, 0, 0, 0, 0, 0, 0, 0, 0))
result <- do.call(precrec:::calc_auc,testlist)
str(result)