testlist <- list(xs = c(-2.46959045823319e-287, NaN, 8.20579932694007e-194,  -1.41915827042253e+81, 5.63415531341532e-241, 5.63415508906672e-241,  5.63415508906672e-241, 5.63415508906672e-241, 5.63415508906672e-241,  5.63415508906672e-241, 5.63415508906672e-241, 5.63415508906672e-241,  5.63415508906672e-241, 5.63415508906672e-241, 5.63415508906672e-241,  5.63415508906672e-241, 5.63415508906672e-241, 5.63415508906672e-241,  5.63415508906672e-241, 5.63415508906672e-241, 5.63415508906672e-241,  5.63415508906672e-241, 5.63415508906672e-241, 5.63415508906672e-241,  5.63415508906672e-241, 5.63415508906672e-241, 5.63415508906672e-241,  5.63415508906672e-241, 5.63415508906672e-241, 5.63415508906672e-241,  5.63415508908599e-241, 5.63415508906672e-241, 5.63415508906672e-241,  5.63415508906672e-241, 5.63415508906672e-241, 5.63415508906672e-241,  5.63415508906672e-241, 5.63415508906672e-241, 5.63415508906672e-241,  5.63415508906672e-241, NA, 5.63415508906672e-241, 5.63415508906672e-241,  5.63420657707089e-241, 5.63415508906672e-241, 5.63415508906672e-241,  5.63415508906672e-241, 5.63415508906672e-241, NA, 5.63415508906672e-241,  2.23270891586482e-308, 5.64729581482813e-241, 5.63415508906672e-241,  5.63415508906672e-241, 5.63415508906672e-241, 5.63415508906674e-241,  5.63415508906672e-241, 5.63415508906672e-241, 5.63415508906672e-241,  5.63415508906672e-241, 5.63415508906672e-241, 5.63415508906672e-241,  2.16112323380008e-241, 5.63415508906672e-241, 5.63415508906672e-241,  5.63415508906672e-241, 0), ys = c(2.90435521007895e-144, 2.90435521007895e-144,  2.90435521007895e-144, 2.90435521007895e-144, 2.90435521007895e-144,  2.90435521007895e-144, 2.90435521007895e-144, 2.90435521007895e-144,  2.90435521007895e-144, 5.48837712492861e-144, 2.90435521007895e-144,  2.90435521007895e-144, 2.90435521007895e-144, 2.90435521007895e-144,  2.90435521007895e-144, 6.40823003518626e-145, 2.90435521007895e-144,  1.38553269643349e-134, 1.38553270466618e-134, 1.38553270466618e-134,  2.90436011714536e-144, 2.90435521007895e-144, 2.90435521007895e-144,  2.90435521007895e-144, 2.90435521007895e-144, 2.90435521007895e-144,  2.90435521007895e-144, 2.90435521007895e-144, 2.90435521007895e-144,  2.90435521007895e-144, 2.90435521007895e-144, 2.90435521007895e-144,  2.90435521007895e-144, 2.90435521007895e-144, 2.90435521007895e-144,  2.90435521007895e-144, 2.90435521007895e-144, 2.90435521007895e-144,  2.90435521007895e-144, 2.90435521007895e-144, 2.90435521007895e-144,  2.90435521007899e-144, 2.90435521007895e-144, 2.90435521007895e-144,  2.90435521007895e-144, 2.90435521007895e-144, 2.90435521007895e-144,  2.90435521007895e-144, 2.90435521007895e-144, 2.90435521007895e-144,  2.90435521007895e-144, 2.90435521007895e-144, 2.90435521007895e-144,  2.90435521007895e-144, 2.90435521007895e-144, 5.35758972594714e-125,  2.90435521007895e-144, 2.90435521007895e-144, 2.90435521007895e-144,  2.9043553914658e-144, 2.90435521007895e-144, 2.90435521007895e-144,  2.90435521007895e-144, 2.90435521007895e-144, 1.71621437139927e-269,  2.90435521007895e-144, 2.90435521007895e-144, 2.90435521007895e-144,  2.90435549647924e-144, 2.90435521007895e-144, 2.90435521007895e-144,  2.90435521007895e-144, 2.90435521007895e-144, 2.90435521007895e-144,  2.90435521007895e-144, 2.90435521007895e-144, 2.90435521008274e-144,  2.90435521007895e-144, 2.90435521007895e-144, 2.90435521007895e-144,  2.90435521007895e-144, 2.90435521007895e-144, 2.90435521007895e-144 ))
result <- do.call(precrec:::calc_auc,testlist)
str(result)