testlist <- list(xs = c(1.36656528950762e-311, -1.65791257825197e+82, -1.06085080716631e+37,  NA, -1.62867813593242e+90, -1.13148154057486e-43, -1.1713955333734e-31,  1.27375143867828e-212, -7.2911193520868e-304, -1.60447523571511e+48,  1.53058936245262e-18, 1.53063836115601e-18, 1.53063836115601e-18,  5.48478783239406e-19, 1.53063836115729e-18, 1.53063836115601e-18,  1.53059176762306e-18, 6.56898963329453e-19, 1.53063836115601e-18,  1.53063816652532e-18, 1.53063836115601e-18, 1.53063836115704e-18,  7.11688564776553e-304, 1.53063836115304e-18, 1.53063836115601e-18,  1.530638361156e-18, 1.00311916060236e-13, 1.53063836115601e-18,  1.53069441879838e-18, 1.53063836115601e-18, 1.53063836115601e-18,  1.53063825775843e-18, 1.53063836115601e-18, 1.53063836115601e-18,  1.53063836115601e-18, 5.42648990865486e+133, 2.71021399194767e-197,  1.53068768471542e-18, 1.53065490476826e-18, -1.99549786139676e+74,  4.36241110945067e+276, 1.53063836106556e-18, 1.53063836115601e-18,  -6.35711209946411e+307, 4.63752788361947e-53, 5.03155163972718e-80,  -6.18971509085637e-38, 2.29229904991656e-259, 3.33071618756356e-312,  4.48309464024907e-120, 3.9022058530217e-120, 4.48309464024909e-120,  4.48309464024909e-120, 4.48309464024909e-120, 4.48309464024909e-120,  2.60891141582694e-42, -1.53735666875949e-196, 3.10749949002685e-102,  -1.23836681531031e+261, 4.48345690180078e-120, 1.53063836115497e-18,  1.53063836115601e-18, 1.53063836115601e-18, 1.53063836115601e-18,  1.53063836115601e-18, 1.53063836115601e-18, 1.53063836303374e-18,  1.51796595417169e-18, -5.1305598454613e+239, 1.53063836115601e-18,  1.53058873031925e-18, 1.53063836115601e-18, 0), ys = c(1.54379767363261e-18,  1.53063836115601e-18, 1.30750514675593e-163, 1.30750514675593e-163,  1.51793286694719e-18, 1.53063836115601e-18, 1.53063836115734e-18,  1.53063836115601e-18, 1.95921710227969e-16, 1.53063836115601e-18,  -1.6348659537044e+82, 1.53063836115601e-18, 1.5306383612696e-18,  1.53063836115601e-18, 1.53063836115601e-18, 1.53063836115601e-18,  1.57498621809086e-307, 1.5306714483805e-18, 1.53063836115601e-18,  1.53063836115601e-18, 2.29229904689543e-259, -726291730404563200,  2.04626478498755e+136, -1.62867823256549e+90, -1.13148154057486e-43,  -1.1713955333734e-31, 1.27375143867828e-212, -1.23836681531034e+261,  4.48345690180078e-120, 4.48309464024909e-120, 4.48309464024909e-120,  4.48309464024909e-120, 4.48309464024909e-120, 4.48309464024909e-120,  4.48309464024909e-120, 4.48309464024909e-120, 4.48309464024924e-120,  4.48309464024909e-120, 4.48309464024909e-120, 4.48309464024909e-120,  4.48309464024909e-120, 4.48309464024909e-120, 4.48309464024909e-120,  4.48309464024909e-120, 4.48309464024909e-120, 3.88956081234187e-95,  1.53154086900308e+264, 3.62375814806458e+147, 3.23639924603715e-317,  0, 0, 0, 0, 0, 0, 0, 0, 0, 0, 0, 0, 0, 0, 0, 0, 0, 0, 0, 0, 0,  0, 0, 0, 0, 0, 0, 0, 0, 0, 0, 0, 0, 0, 0, 0, 0, 0, 0, 0, 0, 0,  0, 0))
result <- do.call(precrec:::calc_auc,testlist)
str(result)