testlist <- list(xs = c(-3.9785885810634e-45, -3.9785885810634e-45, -3.9785885810634e-45,  -3.9785885810634e-45, -3.9785885810634e-45, -3.9785885810634e-45,  -2.96736692668332e-199, -3.9785885810634e-45, -3.9785885810634e-45,  -3.97858858106344e-45, -3.9785885810634e-45, -3.9785885810634e-45,  -3.9785885810634e-45, -3.9785885810634e-45, -3.9785885810634e-45,  -3.97858858106723e-45, -3.9785885810634e-45, -3.9785885810634e-45,  -2.84217286453444e-146, -3.9785885810634e-45, -3.9785885810634e-45,  -3.9785885810634e-45, -3.9785885810634e-45, -3.9785885810634e-45,  -3.9785885810634e-45, -3.9785885810634e-45, -3.9785885810634e-45,  -3.9785885810634e-45, -3.9785885810634e-45, -3.9785885810634e-45,  -3.9785885810634e-45, -3.9785885810634e-45, -3.9785885810634e-45,  -3.9785885810634e-45, -3.9785885810634e-45, -3.9785885810634e-45,  -3.9785885810634e-45, -3.9785885810634e-45, -3.9785885810634e-45,  -3.97864738188702e-45, -3.9785885810634e-45, -3.9785885810634e-45,  -3.9785885810634e-45, -3.9785885810634e-45, -3.9785885810634e-45,  -3.9785885810634e-45, -3.9785885810634e-45, -3.9785885810634e-45,  -3.9785885810634e-45, -3.9785885810634e-45, -3.9785885810634e-45,  24974005286582.7, -3.97858858106333e-45, -3.9785885810634e-45,  -3.97722012553183e-45, -3.9785885810634e-45, -3.9785885810634e-45,  -3.9785885810634e-45, -3.9785885810634e-45, -3.9785885810634e-45,  -3.9785885810634e-45, -3.9785885810634e-45, -3.9785885810634e-45,  -3.9785885810634e-45, -3.9785885810634e-45, -3.9785885810634e-45,  24974005286582.7, 156842099844.518, 156842099844.518, -3.9785885810634e-45,  -3.9785885810634e-45, -3.9785885810634e-45, -3.9785885810634e-45,  -3.9785885810634e-45, -3.9785885810634e-45, -3.9785885810634e-45,  -3.9785885810634e-45, -3.9785885810634e-45, -3.9785885810634e-45,  -3.9785885810634e-45, -3.9785885810634e-45, -3.9785885810634e-45,  -3.9785885810634e-45, -3.97878179271858e-45, -3.9785885810634e-45,  -3.9785885810634e-45, -3.9785885810634e-45, -3.9785885810634e-45,  -3.9785885810634e-45, -3.9785885810634e-45, -3.9785885810634e-45,  -3.9785885810634e-45, -3.9785885810634e-45, -3.9785885810634e-45,  -3.9785885810634e-45, -3.9785885810634e-45, -3.9785885810634e-45,  -3.97858858106341e-45, -3.9785885810634e-45), ys = c(-3.9785885810634e-45,  -3.9785885810634e-45, -3.9785885810634e-45, -3.9785885810634e-45,  -3.9785885810634e-45, -3.9785885810634e-45, -3.9785885810634e-45,  -3.9785885810634e-45, -3.9785885810634e-45, -3.9785885810634e-45,  -3.9785885810634e-45, -3.97858858103445e-45, -3.9785885810634e-45,  -3.9785884975395e-45, -3.9785885810634e-45, -3.9785885810634e-45,  -3.9785885810634e-45, -3.9785885810634e-45, -3.23454187632281e-305,  -3.9785885810634e-45, -1.46380736640989e-45, -3.9785885810634e-45,  -3.9785885810634e-45, -3.9785885810634e-45, 0, 0, 0, 0, 0, 0,  0, 0, 0, 0, 0, 0, 0, 0, 0, 0, 0, 0, 0, 0, 0, 0, 0, 0, 0, 0, 0,  0, 0, 0, 0, 0, 0, 0, 0, 0, 0, 0, 0, 0, 0, 0, 0, 0, 0, 0, 0, 0,  0, 0, 0, 0, 0, 0, 0, 0, 0, 0, 0, 0, 0, 0, 0, 0, 0, 0, 0, 0, 0,  0, 0, 0, 0, 0, 0))
result <- do.call(precrec:::calc_auc,testlist)
str(result)