testlist <- list(xs = c(-3.9785885810634e-45, -3.9785885810634e-45, -3.9785885810634e-45,  -3.9785885810634e-45, -3.9785885810634e-45, -3.9785885810634e-45,  -3.9785885810634e-45, -3.9785885810634e-45, -3.9785885810634e-45,  -3.9785885810634e-45, -3.9785885810634e-45, -3.9785885810634e-45,  -3.9785885810634e-45, -3.9785885810634e-45, -7.9571771621268e-45,  -3.9785885810634e-45, -3.9785885810634e-45, -3.9785885810634e-45,  -3.9785885810634e-45, -9.508565682557e-46, -3.9785885810634e-45,  -3.9785885810634e-45, -3.85474335545657e-45, -3.9785885810634e-45,  -3.9785885810634e-45, -3.9785885810634e-45, -3.9785885810634e-45,  -3.9785885810634e-45, -3.9785885810634e-45, -3.9785885810634e-45,  -3.9785885810634e-45, -3.9785885810634e-45, -3.9785885810634e-45,  -3.9785885810634e-45, -3.9785885810634e-45, -4.60689084017061e+32,  -3.9785885810634e-45, -3.9785885810634e-45, -3.9785885810634e-45,  -3.9785885810634e-45, -3.9785885810634e-45, -3.9785885810634e-45,  -3.9785885810634e-45, -1.51502785198261e-48, -3.9785885810634e-45,  -3.9785885810634e-45, -3.9785885810634e-45, -3.9785885810634e-45,  -3.9785885810634e-45, -3.9785885810634e-45, -3.9785885810634e-45,  NaN, -3.97858858118575e-45, -3.9785885810634e-45, -3.646540125263e+279,  -3.97858928331923e-45, -3.85405912769079e-45, -3.97858857363211e-45,  -3.9785885810634e-45, -3.9785885810634e-45, -3.9785885810634e-45,  -3.9785885810634e-45, -1.17104589306266e-44, -3.97858858106342e-45,  -3.9785885810634e-45, -3.9785885810634e-45, -3.9785885810634e-45,  -3.9785885810634e-45, -3.97862599976934e-45, -3.9785885810634e-45,  -3.9785885810634e-45, -3.9785885810634e-45, -3.9785885810634e-45,  -3.97858858105846e-45, -3.9785885810634e-45, -3.97858847767811e-45,  -3.9785885810634e-45, -3.9785885810634e-45, -3.97858858103951e-45,  -3.9785885810634e-45, -3.97858858103461e-45, -3.9785885810634e-45,  -3.9785885810634e-45, -3.9785885810634e-45, -3.9785885810634e-45,  -3.9785885810634e-45, -3.9785885810634e-45, -3.9785885810634e-45,  -3.9785885810634e-45, -3.9785885810634e-45, -3.9785885810634e-45,  -3.9785885810634e-45, -3.9785885810634e-45, -3.9785885810634e-45,  -3.9785885810634e-45), ys = c(-3.9785885810634e-45, -3.9785885810634e-45,  -3.9785885810634e-45, -3.9785885810634e-45, -3.9785885810634e-45,  -3.9785885810634e-45, -3.9785885810634e-45, -3.9785885810634e-45,  -3.9785885810634e-45, -3.9785885810634e-45, -3.9785885810634e-45,  -3.97858799938497e-45, -3.9785885810634e-45, -3.97858858106338e-45,  -3.9785885810634e-45, -3.97858840357512e-45, -3.9785885810634e-45,  -3.9785885810634e-45, -3.96969362010821e-45, -3.9785885810634e-45,  -3.9785885810634e-45, -3.9785885810634e-45, -3.9785885810634e-45,  -9.70880024254111e-45, -3.97927280882919e-45, -3.9785885810634e-45,  -3.9785885810634e-45, -3.9785885810633e-45, -3.9785885810634e-45,  -3.9785885810634e-45, -3.9785885810634e-45, -3.9785885810634e-45,  7.00751486023042e-310, -1.99385440843987e+81, -1.96421163353643e+81,  -8577.50115404322, -3.11355658818305e+225, 1.53160350210786e-322,  0, 0, 0, 0, 0, 0, 0, 0, 0, 0, 0, 0, 0, 0, 0, 0, 0, 0, 0, 0, 0,  0, 0, 0, 0, 0, 0, 0, 0, 0, 0, 0, 0, 0, 0, 0, 0, 0, 0, 0, 0, 0,  0, 0, 0, 0, 0, 0, 0, 0, 0, 0, 0, 0, 0, 0, 0, 0, 0, 0, 0))
result <- do.call(precrec:::calc_auc,testlist)
str(result)