testlist <- list(xs = c(3.06543645103209e-115, 3.0654356309538e-115, 3.0654356309538e-115,  3.06543563095161e-115, 3.0654356309538e-115, 3.0654356309538e-115,  3.0654356309538e-115, 3.0654356309538e-115, 3.0654356309538e-115,  3.0654356309538e-115, 3.0654356309538e-115, 3.0654356309538e-115,  3.0654356309538e-115, 3.0654356309538e-115, 3.0654356309538e-115,  3.06543563024471e-115, 3.0654356309538e-115, 3.0654356309538e-115,  3.0654356309538e-115, 3.0654356309538e-115, 3.0654356309538e-115,  -1.56488259088823e-209, -1.56500888303741e-209, -1.56500839841835e-209,  -1.56500839841835e-209, 3.11918028162637e-115, 3.0654356309538e-115,  3.0654356309538e-115, -1.56500839649868e-209), ys = c(-1.56500839841835e-209,  -1.56500839841835e-209, -1.56500839841835e-209, -1.56500839841835e-209,  -1.56500839841835e-209, -1.56500839841835e-209, 3.0654356309538e-115,  3.0654356309538e-115, 3.0654356309538e-115, 3.0654356309538e-115,  3.0654356309538e-115, 3.0654356309538e-115, 3.0654356309538e-115,  3.0654356309538e-115, 3.0654356309538e-115, 3.0654356309538e-115,  3.0654356309538e-115, 3.0654356309538e-115, 3.0654356309538e-115,  3.0654356309538e-115, 3.0654356309538e-115, 3.0654356309538e-115,  3.0654356309538e-115, 3.0654356309538e-115, 3.0654356309538e-115,  3.0654356309538e-115, 3.0654356309538e-115, 3.0654356309538e-115,  3.0654356309538e-115, 3.0654356309538e-115, 3.0654356309538e-115,  3.0654356309538e-115, 3.0654356309538e-115, 3.0654356309538e-115,  -1.56500839841085e-209, -1.56500839841835e-209, -1.56500839841835e-209,  -1.56500839841835e-209, -1.56500839841835e-209, -1.56500839841835e-209,  -1.56500839841835e-209, -1.56500839841835e-209, -1.56500839841835e-209,  -1.56500839693111e-209, -1.56500839841835e-209, -1.56500839841835e-209,  -1.56500839841835e-209, -1.56500839841835e-209, -1.56500839841835e-209,  -1.56500839841835e-209, -1.56513246352749e-209, -6.30416873905564e-210,  -1.56500839841835e-209, -1.56500839841835e-209, -1.56500839841835e-209,  -1.56500839841835e-209, -1.56500839841835e-209, -1.56500839841835e-209,  -1.56500839841835e-209, -1.54005657161073e-209, -1.56500839841835e-209,  -1.56500839841835e-209, -1.56500839841835e-209, -1.56500839841835e-209,  -1.56500839841835e-209, -1.56500839841835e-209, -1.56500839841835e-209,  -1.56500839841835e-209, -1.56500839841835e-209, -1.56500839841835e-209,  -1.56500839841835e-209, -1.56500839841835e-209, -1.56500839841835e-209,  -1.56500839841835e-209, -1.56500839841835e-209, -1.56500839841835e-209,  -1.56500839841835e-209, -1.56500839841835e-209, -1.56500839841835e-209,  -1.56500839841835e-209, -1.56500839841835e-209))
result <- do.call(precrec:::calc_auc,testlist)
str(result)