testlist <- list(xs = c(1.15646438366774e-311, -1.65813691236582e+82, -3.77579844641894e-09,  -1.3084018214423e+185, -6.68487515906172e-63, 3.47255171646798e+172,  5.36027684908228e-61, 1.14991520810668e-21, -1.80965662996365e-150,  NaN, -4.24719732153144e+273, -2.70546652677763e-11, 2.45501576233633e+269,  4.09406264785097e-308, -4.17164688956638e+261, -3.93677249849549e+233,  6.33290247600657, -1.79749044881305e+53, 4.27751119612095e+100,  3.26079825981242e-22, 2.25252634257577e-23, 2.25252634257577e-23,  2.25252634257577e-23, -2.65854037586131e-11, -2.70494424244937e-11,  -2.70494424244937e-11, -2.70494424244937e-11, -2.70494424244937e-11,  -2.70494424244937e-11, -2.70494424244937e-11, -2.70494424244937e-11,  -3.98726823974683e+288, -2.0832188221259e+111, -1.14701541500338e-54,  -5.30608600259519e+251, -1.69316314859816e-134, -2.30067407326446e+220,  1.02730307619328e+259, 6.48300719512778e-67, 1.35248500989724e-20,  6.10620993129904e-103, -1.66738461804717e-220, -1.77548498085424e-64,  -1.77548498085422e-64, -1.77548498085422e-64, 5.09518938150912e-183,  -1.46693527003767e-60, 1.05153459523752e+56, 6.54060106522234e-191,  -1.90838263636005e+65, -1.25361971136881e+125, 63996623529.6859 ), ys = c(3.05740318218182e+279, 4.24173755667677e-104, 4.96149886955177e+248,  -2.26780204261875e-139, 2.40780357740368e-82, -4.13573048514115e+295,  6.33554218130779e+179, 4.49761517200763e-101, -1.8949665173376e-223,  -1.670368775818e+212, -6.6695243301858e-25, 4.42422177097901e-226,  -1.54571201620832e+202, -1.58685396651097e+202, -5.7458986878847e-188,  5.9664199105048, 2.82202964968306e-250, 3.88422399418656e-175,  4.18067227798366e-178, 4.18067227798366e-178, 4.18067217588981e-178,  1.38553270452148e-134, 1.38553270466618e-134, 1.38553270466618e-134,  1.38553270466618e-134, 1.38553270466618e-134, 1.38553270466618e-134,  1.38553270466618e-134, 1.38553270466618e-134, 3.09222127926363e-90,  3.85283676157645e+55, -4.09607780276408e-244, 1.86762390444708e-125,  -2.70494424244647e-11, -2.70494424244937e-11, -2.70494424244937e-11,  -2.70494424244937e-11, -2.70494424244937e-11, 2.45501576233633e+269,  -8.45438774304378e+160, -2.70489570492664e-11, -2.70494424244937e-11,  -7.54559604341493e-11, -2.70494424244937e-11, -2.70494424244937e-11,  -2.70494424244937e-11, -1.53735666875953e-196, 3.10749949002685e-102,  3.17698135592065e+286, -1.24971945984982e-67, 1.335538137691e-220,  8.25772869047118e-252, 4.18067227799723e-178, 4.19633675825597e-178,  -1.29708641682056e+113, 3.72321828783731e+73, 6.26400211055451e-139,  2.1210067294962e-312, 0, 0, 0, 0, 0, 0, 0, 0, 0, 0, 0, 0, 0))
result <- do.call(precrec:::calc_auc,testlist)
str(result)