testlist <- list(xs = c(-3.24922532455027e-277, -3.92441661961404e+58, -1.37149672892299e+306,  1.78701351563055e-307, 5.64548178438707e+208, 1.09826572973457e-188,  -5.6171471064128e-144, -1.71293860865738e+195, 4.53547060140128e-70,  -8.08228525393146e+37, -1.33803054281002e+20, -2.38443153733826e-151,  1.43264239192166e-198, 4.18067227798366e-178, 4.18067227798366e-178,  4.18067227798366e-178, 4.18067227798366e-178, 4.18067227798366e-178,  4.18067227798366e-178, 4.18067227798366e-178, 4.18067227798366e-178,  4.18067227798366e-178, 4.18067227798366e-178, 4.18067227798366e-178,  4.18067227798366e-178, -9.25596312163513e+61, -9.25596313493178e+61,  -9.25596313493178e+61, -9.25596313493178e+61, -9.25596313493178e+61,  -9.25596313493178e+61, -9.25596313493178e+61, -9.25596313493178e+61,  -9.25596313493178e+61, -9.25596313493178e+61, -9.25596313493178e+61,  -9.25596313493178e+61, -9.25596313493178e+61, -9.25596313493178e+61,  -9.25596313493178e+61, -9.25596313493178e+61, -9.25596313493178e+61,  -9.25596313493178e+61, -9.25596313493178e+61, -9.25596313493178e+61,  -9.25596313493178e+61, -9.25596313493178e+61, -9.25596313493178e+61,  -9.25596313493178e+61, -9.25596313493178e+61, -9.25596313493178e+61,  -9.25596313493178e+61, -9.25596313493178e+61, -9.25596313493178e+61,  -9.25596313493178e+61, -9.25596313493178e+61, -9.25596313493178e+61,  -9.25596313493178e+61, -9.25596313493178e+61, -9.25596313493178e+61,  -9.25596313493178e+61, -9.25596313493178e+61, -9.25596313493178e+61,  -9.25596313493178e+61, 4.28772942399105e-178, 4.18067227798366e-178,  -9.98398995460509e+96, 4.18067227798366e-178, -7.46390282529891e-239,  -8.66324086860658e-302, 2963948643151169536, 1.87384527390078e-109,  7.84687631713317e+172, -9.23325358781387e+61, -9.25596313493178e+61,  -9.25596313493178e+61, -9.25592390304594e+61, -9.25564809216097e+61,  -9.25596313493178e+61, -9.25596313493178e+61, -1.26822071363159e+59,  -9.25596313493178e+61, 0), ys = c(-9.25495881397908e+61, -9.25601707877482e+61,  -9.25596313493178e+61, -9.25596313493178e+61, -9.25596313493178e+61,  -9.25596313493178e+61, -9.25596313493178e+61, -9.25596313493178e+61,  -9.25596313493178e+61, 9.19981992805951e+187, 3.11873102374478e-89,  7.41633495404986e-180, 1.01470179626988e-316, -2.67389342831954e-65,  1.27745613388713e-319, 0, 0, 0, 0, 0, 0, 0, 0, 0, 0, 0, 0, 0,  0, 0, 0, 0, 0, 0, 0, 0, 0, 0, 0, 0, 0, 0, 0, 0, 0, 0, 0, 0, 0,  0, 0, 0, 0, 0, 0, 0, 0, 0, 0, 0, 0, 0, 0, 0, 0, 0, 0, 0, 0, 0,  0, 0, 0, 0, 0))
result <- do.call(precrec:::calc_auc,testlist)
str(result)