testlist <- list(xs = c(-1.83502286726627e+106, -2.14555482385487e+110, -2.14555362089245e+110,  -2.14555482385487e+110, -2.14555482385487e+110, 5.82123275264906e-249,  -1.09007158655349e-175, -1.09007158655574e-175, -1.09005465122044e-175,  -1.09007158655574e-175, 7.68463285318568e+49, 1.92115823071894e+49,  7.70290169334222e+49, 7.6846316982674e+49, 7.98492584014318e+49,  1.42000645359051e+50, 4.34934809925921e-23, -2.14796553790394e+139,  -2.14820462865696e+139, -2.14820462706267e+139, -2.14820462865696e+139,  -2.14820462865696e+139, -2.14820462865696e+139, -2.14820462870895e+139,  -2.14820462865696e+139, -2.14820462865696e+139, -2.14820462865696e+139,  -2.14820462865696e+139, -2.14820462865696e+139, -2.14820462865696e+139,  -2.14820462865696e+139, -2.14820462865696e+139, -2.14820462865696e+139,  -2.14820462865696e+139, -1.85522572639156e+62, -2.14806266796861e+139,  -2.14820462855298e+139, -2.14820462865696e+139, -2.14820462865696e+139,  -2.14820462865696e+139, -2.14820462865696e+139, -2.14820462865696e+139,  -2.14820462865696e+139, -2.14820462865696e+139, -2.14820462865696e+139,  -2.14820462865696e+139, -2.14820462865696e+139, -2.14820462865696e+139,  -2.14820462865696e+139, -2.14820462865696e+139, -2.15842027344772e+139,  -2.14820462865696e+139, -2.14820462865696e+139, -2.14820462865696e+139,  -2.14820462865696e+139, -2.14820462865696e+139, -2.14820462865696e+139,  -2.14820462865696e+139, -2.14820462865858e+139, -2.14820917139898e+139,  -2.14820462865696e+139, -2.14820462865696e+139, -2.14820462865466e+139,  -2.14820462865696e+139, -2.14820462865696e+139, -2.14820462865696e+139,  -2.14820462865696e+139, -2.14820462865696e+139, -2.14820462865696e+139,  -2.14820462865696e+139, -2.14820478453298e+139, -2.14820462865696e+139,  -2.1482046286569e+139), ys = c(-2.14820462865696e+139, -2.14820462865696e+139,  -2.14820462865696e+139, -2.14820462865696e+139, -2.14820462865696e+139,  -2.14820462865696e+139, -2.14820462865696e+139, -2.14820462865696e+139,  -2.14820462865696e+139, -2.14820462865696e+139, -2.14820462865696e+139,  -2.14820462865696e+139, -2.14820462865696e+139, -2.14820462865696e+139,  -2.14820462865696e+139, -2.14820462865696e+139, -2.14820462865696e+139,  -2.14820462865696e+139, 4.34971810039105e-23, -2.93627970972197e+107,  -2.14533264117645e+110, -2.14555482385487e+110, -2.14555482385487e+110,  -2.14555482385487e+110, -2.14555482385487e+110, -2.14555482385487e+110,  -2.14372002496208e+110, -2.14555482384745e+110, 8.31380500012504e-275,  8.3138050000614e-275))
result <- do.call(precrec:::calc_auc,testlist)
str(result)