testlist <- list(xs = c(2.81776900841821e-202, 2.81776900841821e-202, 2.81776900841821e-202,  2.81776900841821e-202, 2.81776900841821e-202, 2.81776900841821e-202,  2.81776900841821e-202, 5.42682570967896e-236, 3.81573682711802e-236,  3.81573682711802e-236, 3.81573682711802e-236), ys = c(3.81573682711802e-236,  3.81573682711802e-236, 3.81573682711802e-236, 3.81573682711802e-236,  3.15630352599663e-260, 3.81573682711802e-236, 3.81573682711802e-236,  3.81573682711802e-236, 3.81573682711802e-236, 3.81573682711802e-236,  3.81573682711802e-236, 3.81573682711802e-236, 3.81573682711802e-236,  3.81573682711802e-236, 1.52629473084721e-235, 3.81573682711802e-236,  3.81573682711802e-236, 3.81573682711802e-236, 3.81573682711802e-236,  3.81573682711802e-236, 3.81573682711802e-236, 3.88580266226322e-236,  3.81573682711802e-236, 3.81573682711802e-236, 3.80133973770462e-236,  3.92851215290195e-236, 3.81573682711802e-236, 3.81573682711802e-236,  3.81573682711802e-236, 3.81573682711802e-236, NA, 3.81573682711802e-236,  3.81573682711802e-236, 3.81573682711802e-236, 3.81573682711802e-236,  3.81573682711802e-236, 3.81573682711802e-236, 3.81573682711802e-236,  8.18041859745292e-311, 3.81573682711633e-236, 3.81573682794755e-236,  3.81573682711802e-236, 3.81573682711802e-236, 3.81573682711802e-236,  3.81573682711802e-236, 3.81573682711802e-236, 3.81573682711802e-236,  3.81573682711802e-236, 3.81573682711802e-236, 3.81573682711802e-236,  3.81573682711802e-236, 3.81573703215469e-236, 3.81573682711802e-236,  3.81573682711802e-236, 3.81573682711802e-236, 3.81573682711802e-236,  2.81776900841739e-202, 2.81776900841821e-202, 3.81910932178845e-236,  3.83109372249231e-236, 3.81573682711802e-236, 3.81573682711802e-236,  3.81573682711802e-236, 3.81573682711802e-236, 3.81573682711802e-236,  3.81573682711802e-236, 3.81601052178655e-236, 3.81573682711802e-236,  3.81573682711802e-236, 3.8156805884875e-236, 3.81573682711802e-236,  3.81573682711802e-236, 3.81573682711802e-236, 3.81573682711802e-236,  3.81573682711802e-236, 3.81573682711802e-236, 3.81573682711802e-236,  3.81573682711802e-236, 3.81573682711802e-236, 2.81776900841739e-202,  2.81776900841821e-202, 2.81776900841821e-202, 2.81776900841821e-202,  2.81776900841821e-202, 2.81776900841821e-202, 2.81776900841821e-202,  2.81776900841821e-202, 2.81776900841821e-202, 2.81776900841821e-202,  2.82424768513642e-202, 2.81776900841821e-202, 2.81776900841821e-202,  2.81776900841821e-202, 2.81776900841821e-202, 2.81776900841821e-202,  2.81776900841821e-202, 2.81776900841821e-202, 9.98251168703975e+82,  0))
result <- do.call(precrec:::calc_auc,testlist)
str(result)