testlist <- list(xs = c(-2.46959046262035e-287, 110970678617272704, 2.90435521007895e-144,  2.90435521007895e-144, 2.90435521007895e-144, 2.90435521007895e-144,  2.90435521007895e-144, 2.90435521007895e-144, -3.43919497026589e-308,  NaN, 2.90435521007895e-144, 2.90435521007895e-144, 2.90435521007895e-144,  2.90435521007895e-144, 2.90435521007895e-144, 2.90435521007895e-144,  NaN, 2.90435521007895e-144, 2.90435521007895e-144, 2.90435521007895e-144,  2.90435521007895e-144, 2.90435521007895e-144, 2.90435521007895e-144,  2.90435521007895e-144, 2.90435521007895e-144, 2.25301084311272e-144,  2.90435521007895e-144, 2.90435521007895e-144, 2.90435521007895e-144,  2.90435521007895e-144, 2.90435521007895e-144, 2.90435520966874e-144,  2.90435521007895e-144, 2.90435521007895e-144, 2.90435521010022e-144,  2.90435521007895e-144, 2.90435521007895e-144, 2.90435521007895e-144,  2.90435521007895e-144, 2.90435521007895e-144, 2.90435521007895e-144,  2.90435521007895e-144, 2.90435521007895e-144, 2.90435521007895e-144,  2.90435521007895e-144, 2.90435521007895e-144, 2.90429899924986e-144,  2.90435521007895e-144, 2.90435521007895e-144, 2.90435521007895e-144,  2.90435521007895e-144, 2.90435521007895e-144, 2.90435521007895e-144,  2.90435521007895e-144, 2.90435521007895e-144, 2.91248867265313e-144,  2.90435521007895e-144, 2.90435521007895e-144, 2.90435521007895e-144,  2.90435521007896e-144, 2.90435521007895e-144, 2.90435488423772e-144,  -5.04350074594966e-308, 2.90435521007893e-144, 2.90435521007895e-144,  2.90435521007895e-144, 2.90435521007895e-144, 2.90435521007895e-144,  2.90435521007895e-144, Inf, -5.04350074594966e-308, 2.90435521007893e-144,  0), ys = c(2.90435521007895e-144, 2.90435521007895e-144, 2.90435521007895e-144,  2.90435521007895e-144, 2.90435521007895e-144, 2.90435521007895e-144,  2.90435521007895e-144, 2.90435521007895e-144, 2.89301007254455e-144,  2.90435521007895e-144, 7.73876209411465e-290, 2.90435521007398e-144,  4.06753238727316e-140, 2.90435521007895e-144, 2.90435521007895e-144,  2.90435521007895e-144, 2.90435521007895e-144, 2.90435521007895e-144,  2.90435521007895e-144, 2.90435521007895e-144, 2.90435521007895e-144,  2.90435521007895e-144, 2.90435521007895e-144, 2.90435521007895e-144,  2.90435521007895e-144, 2.90435521007895e-144, 2.90435521007895e-144,  2.90435521007895e-144, 2.90435521007895e-144, 2.90435521007633e-144,  2.90435521007895e-144, 2.90435521007895e-144, 2.90435521007895e-144,  2.90435521007895e-144, 2.90435521007895e-144, 2.90435521007895e-144,  2.90435521007895e-144, 2.90435521007895e-144, 2.90435521007895e-144,  2.90435521007895e-144, -9.65274917197158e-275, 1.30676714129779e-183,  -3.35308121100976e+125, -2.46734578966998e-287, 110970678617272704,  8.20579932694007e-194, -1.41915827042253e+81, 1.65397749535353e+174,  -6.78709639320687e+174, -2.58583970251964e-166, 7.89468713144426e+172,  4.70436276772351e+185, -2.2333281379047e-143, 4.53546999526463e-70,  -0.237518447420404, 1.36672353857751e-191, 1.41008553399834e-190,  -8.17555246489497e-139, -1.27324030827526e+97, -6.10489461769149e-11,  5.02089284418958e+146, 2.66885175329613e-227, 1.35131406733408e-98,  -2.87614926402857e-215, 6.28044129915574e-249, 1.85767450064533e+32,  2.12825911170119e+64, 6.87236557132459e+47, -6.10999835406572e+226,  -1.09555071277407e+60, 1.05307739393254e-297, 9.55962737964348e-77,  5.97672860570939e-152, -0.237518447420404, 1.36672353857751e-191,  7.69515517021288e+162, -5.07630506675325e+98, 5.65509952934313e+287,  1.82179125027559e+84, -1.8877074994552e+145, 2.38962814096573e-286,  2.94603043978558e+182, 2.56575038179174e+29))
result <- do.call(precrec:::calc_auc,testlist)
str(result)