testlist <- list(xs = c(-7.37743158567676e-200, -7.37743158567676e-200, -7.37743158567676e-200,  -7.37743158567676e-200, -7.37743158567676e-200, -7.37743158567676e-200,  -7.37743158567676e-200, -7.37743158567676e-200, -7.37743158567676e-200,  -7.37743158567676e-200, -7.37743158567676e-200, -7.37743158567676e-200,  -7.37743158567676e-200, -7.37743158567676e-200, -7.37743158567676e-200,  -7.37743158567676e-200, -7.37743158567676e-200, -7.37743158567676e-200,  -7.37743158567676e-200, -7.37743158567676e-200, -7.37743158567676e-200,  -7.37743158567676e-200, -7.3723283818618e-200, -7.37743158567676e-200,  -7.37743158567676e-200, -7.37743158567676e-200, -7.37743158567676e-200,  -7.37743158567676e-200, -7.37743158567676e-200, -7.37743158567201e-200,  -7.37743158567676e-200, -7.37743158567676e-200, -7.37743158567676e-200,  -7.37743158567676e-200, -7.37743158567676e-200, -7.37743158567678e-200,  -7.37743158567676e-200, -7.37743158567676e-200, -7.37743158567676e-200,  -7.37743158567676e-200, -7.37743158567676e-200, -7.37743158567676e-200,  -7.37743158567676e-200, -7.37743158567676e-200, -7.37743158567676e-200,  -7.37743158567676e-200, -7.37743158567676e-200, -3.68871579283838e-200,  -7.37743158567676e-200, -7.37743158567676e-200, -7.37743158567676e-200,  -7.37743158567676e-200, -7.37743158567676e-200, -7.37743158567676e-200,  -7.37743158567676e-200, -7.37743158567676e-200, -7.37743158567676e-200,  -7.37743158567676e-200, -7.37743158567676e-200, -7.37743158567676e-200,  -7.37743158567676e-200, -7.37743158567676e-200, -7.37743158567676e-200,  -7.37743158567676e-200, -7.37743158567673e-200, -7.37743158567676e-200,  -7.37743158567676e-200, NaN, -7.37743158567689e-200, -7.37743158567676e-200,  -7.37743158567676e-200, -7.37743209182338e-200, -7.37743158567676e-200,  -7.37743158567676e-200, -7.37743158567676e-200, -7.37743158567676e-200,  -7.37743158567676e-200, -7.37743158567676e-200, -7.37743158567676e-200,  -7.37743158567676e-200, -7.37743158567676e-200, -7.37743158567676e-200,  -7.37743158567676e-200, -7.37743158567676e-200, -7.37743158567676e-200,  -7.37743158567676e-200, -7.40422340570531e-200, -7.37743158567676e-200 ), ys = c(-7.37743158567676e-200, -7.37743158567676e-200, -7.37743158567676e-200,  -7.37743158567676e-200, -7.37743158567676e-200, -7.37743158567676e-200,  -7.37743158567676e-200, -7.37743158567676e-200, -7.37743158567676e-200,  -7.37743158567676e-200, -7.37743158567676e-200, -7.37743158567676e-200,  -7.37743158567676e-200, -7.37743158567676e-200, -7.37743158567676e-200,  -7.37743158567676e-200, -7.37743158567676e-200, -7.37743158567676e-200,  -7.37743158567661e-200, -7.37743158567676e-200, -7.37743158567676e-200,  -7.37743158567676e-200, -7.37743158567676e-200, -7.37743158567676e-200,  -7.37743158567676e-200, -7.37743158567676e-200, -7.37743158567676e-200,  -7.37743158567676e-200, -7.37743158567676e-200, -7.37743158567676e-200,  -7.37743158567676e-200, -7.37743158567676e-200, -7.37743158567676e-200,  -7.37743158567676e-200, -7.37743158567676e-200, -7.37743158567676e-200,  -7.37743158567676e-200, -7.37743158567676e-200, -7.37743158567676e-200,  -7.37743158567676e-200, -7.37743158567676e-200, -7.37743158567676e-200,  -7.37743158567676e-200, -7.37743158567676e-200, -7.37750135604142e-200,  1.49787938185493e-312, 0, 0, 0, 0, 0, 0, 0, 0, 0, 0, 0, 0, 0,  0, 0, 0, 0, 0, 0, 0, 0, 0, 0, 0, 0, 0, 0, 0, 0, 0, 0, 0, 0, 0,  0, 0, 0, 0, 0, 0, 0, 0))
result <- do.call(precrec:::calc_auc,testlist)
str(result)