testlist <- list(xs = c(-2.5075177611471e+284, -2.50751870841352e+284, -2.50751870841344e+284,  -2.50751870841352e+284, -2.50751870841352e+284, -2.50751870841352e+284,  -2.50751870841352e+284, -2.50751870841352e+284, -2.50751870841352e+284,  -2.50751870841352e+284, -2.50751870841352e+284, -2.50751870841352e+284,  -2.50751870841352e+284, -2.50751870841352e+284, -2.50751870841352e+284,  -2.50751870841352e+284, -2.50751870841352e+284, -2.50751870841352e+284,  -2.50751870841352e+284, -2.50751870841352e+284, -2.50751870841352e+284,  -2.50751870839467e+284, -2.50751870841352e+284, -2.50751870841352e+284,  -2.50751732085994e+284, -2.50751870841352e+284, -2.50751870841352e+284,  -2.50751870841352e+284, -2.50751870841352e+284, -2.50751870841352e+284,  -2.50751870841352e+284, -2.50751870841352e+284, -2.50751870841352e+284,  -2.50751870841352e+284, -2.50751870841352e+284, -2.50751870841352e+284,  -2.50751859208255e+284, -2.50751870841352e+284, -2.50751870841352e+284,  -2.50751870841352e+284, -3.82616990419543e+279, -2.50751870841352e+284,  -2.50751854776608e+284, -2.50751870841352e+284, -2.50751870841352e+284,  -2.50751870841352e+284, 5.63478126862331e-241, 5.63415508906672e-241,  -2.50751870841352e+284, -2.50751870841352e+284, -2.50751870841352e+284,  -2.50751870841352e+284, -2.50751870841352e+284, -5.0997061077721e+279,  5.63415509940779e-241, 5.63415508945955e-241, 5.63415508906672e-241,  5.63415508906672e-241, 5.63415508906672e-241, 5.63415508906672e-241,  5.63415508906672e-241, 5.63415508906672e-241, 5.63415508906672e-241,  5.63415508906672e-241), ys = c(5.63415508906672e-241, 5.63415508906672e-241,  5.63415508906672e-241, 5.63415508906672e-241, 5.63415508906672e-241,  5.63415508906672e-241, 5.63415508906672e-241, 5.63415508906672e-241,  5.63415508906672e-241, 5.63415508906672e-241, 5.63415508906672e-241,  5.63415508906672e-241, 5.63415508906672e-241, 5.63415508906672e-241,  5.63415508906672e-241, 5.63415508906672e-241, 5.63415508906672e-241,  5.63415508906672e-241, 5.63415508906672e-241, 5.63415508906672e-241,  5.63415508906672e-241, 5.63415508906672e-241, 5.63415508906672e-241,  5.63415508906672e-241, 5.63415508906672e-241, 5.63415508906672e-241,  5.63415508906672e-241, 5.63415508906672e-241, 5.63415508906672e-241,  5.63415508906672e-241, 5.63415508906672e-241, 5.63415508906672e-241,  5.63415508906672e-241, 5.63415508906672e-241, 5.63415508906672e-241,  5.63415508906672e-241, 5.63415508906672e-241, 5.63415508906672e-241,  5.63415508906672e-241, 5.63415508906672e-241, 5.63415508906672e-241,  5.63415508906672e-241, -8.52435062376563e+279, -2.50751870778599e+284,  -2.50751870841352e+284, -2.50751870841352e+284, -2.50751870841352e+284,  -2.50751870841352e+284, -2.50751870841352e+284, -2.50751870841352e+284,  -2.50716559408493e+284, -2.50751870841352e+284))
result <- do.call(precrec:::calc_auc,testlist)
str(result)