testlist <- list(xs = c(-7.9140592507382e+269, -7.9140592507382e+269, -7.9140592507382e+269,  -7.9140592507382e+269, -7.9140592507382e+269, -7.9140592507382e+269,  -7.9140592507382e+269, -7.9140592507382e+269, -2.5801731587848e+266,  -7.9140592507382e+269, -7.9140592507382e+269, -7.9140592507382e+269,  -7.9140592507382e+269, -7.9140592507382e+269, -7.9140592507382e+269,  -7.9140592507382e+269, -7.9140592507382e+269, -7.9140592507382e+269,  -7.9140592507382e+269, -7.9140592507382e+269, -1.73918193293312e+267,  -7.91281481305137e+269, -7.9140592507382e+269, -7.9140592507382e+269,  -7.9140592507382e+269, -7.9140592507382e+269, -7.9140592507382e+269,  -9.98894711121609e+240, -7.9140592507382e+269, -7.9140592507382e+269,  -7.9140592507382e+269, -7.9140592507382e+269, -7.9140592507382e+269,  -7.9140592507382e+269, -7.9140592507382e+269, -7.91284000409766e+269,  -7.9140592507382e+269, -7.9140592507382e+269, -7.9140592507382e+269,  -7.9140592507382e+269, -7.91405925073819e+269, -7.9140592507382e+269,  -7.9140592507382e+269, -7.9140592507382e+269, -7.9140592507382e+269,  -7.9140592507382e+269, -7.9140592507382e+269, -7.9140592507382e+269,  -7.9140592507382e+269, -7.91405925073823e+269, -7.9140592507382e+269,  -7.9140592507382e+269, -7.9140592507382e+269, -7.9140592507382e+269,  -7.9140592507382e+269, -7.91397863939007e+269, -7.9140592507382e+269,  -7.9140592507382e+269, -7.9140592507382e+269, -7.9140592507382e+269,  -7.9140592507382e+269, -7.9140592507382e+269, -7.9140592507382e+269,  -Inf, -7.9140592507382e+269, -7.91334886323276e+269, -7.91405923174959e+269,  -7.9140592507382e+269, -7.9140592507382e+269, -7.9140592507382e+269,  -7.9140592507382e+269, -7.9140592507382e+269, -7.90632056131727e+269,  0), ys = c(-7.91405923213397e+269, -7.9140592507382e+269, -7.9140592507382e+269,  -7.9140592507382e+269, -4.94758187124847e+269, -7.9140592507382e+269,  -7.9140592507382e+269, -7.9140592507382e+269, -7.9140592507382e+269,  -7.9140592507382e+269, -7.9140592507382e+269, -7.9140592507382e+269,  -7.9140592507382e+269, -1.97903274849939e+270, -7.9140592507382e+269,  -7.9140592507382e+269, -7.9140592507382e+269, -7.9140592507382e+269,  -7.9140592507382e+269, -7.9140592507382e+269, -7.9140592507382e+269,  -3.29666146144952e+269, -7.9140592507382e+269, NaN, -7.9140592507382e+269,  -7.9140592507382e+269, -7.9140592507382e+269, -7.9140592507382e+269,  -7.91405923167601e+269, -7.9140592507382e+269, -7.9140592507382e+269,  -7.9140592507382e+269, -7.9140592507382e+269, -7.62514817902338e+269,  2.34033568972389e-241, -7.67678478571293e+269, -7.9140592507382e+269,  -7.9140592507382e+269, -7.9140592507382e+269, -1.688278617165e+260,  -1.68827860796461e+260, -1.68827860796461e+260, -1.68827860796461e+260,  -1.68827860796461e+260, -1.68827860402677e+260, -1.68827860796461e+260,  -1.68827860796461e+260, -1.68827860796461e+260, -1.68827860796461e+260,  -1.68827860796461e+260, -1.68827860796461e+260, -1.68827860796461e+260,  -1.68827860796287e+260, -1.68827860796461e+260, -1.68827860796461e+260,  -1.68827860796461e+260, -1.68827860796461e+260, -1.68827860796461e+260,  -1.68827860796461e+260, -1.68827860796461e+260, -1.68827860796461e+260,  -1.68827860796461e+260, -1.68827860796461e+260, -1.68827860796461e+260,  -1.68827860796461e+260, -1.68827860796461e+260, -1.68827860796461e+260,  -1.68827860796461e+260, -1.68827860796461e+260, -1.68827860796461e+260,  -1.68827860796461e+260, -1.68827860796461e+260, -1.68827860796461e+260,  0))
result <- do.call(precrec:::calc_auc,testlist)
str(result)