testlist <- list(xs = c(6.01347001699907e-154, 6.01347001699907e-154, 6.01347001699907e-154,  6.01347001699907e-154, 6.01347001699907e-154, 6.01347001699907e-154,  6.01347001699907e-154, 6.01347001699907e-154, 6.01347001699907e-154,  6.01347001699907e-154, 6.01347001699907e-154, 6.01347001699907e-154,  6.01347001699907e-154, 6.01347001699907e-154, 2.55455482142363e-153,  6.01347001699907e-154, 6.01347001699907e-154, 6.01347001699907e-154,  6.01347001699907e-154, 6.01347001699907e-154, 8.27345849359751e-289,  6.01347001699903e-154, 6.01347001699907e-154, 6.01347001699907e-154,  6.01347001699907e-154, 6.01347001699907e-154, 6.01347001699907e-154,  6.01347001699907e-154, 6.01347001699907e-154, 6.01347001699907e-154,  6.01347001699907e-154, 6.01347001699907e-154, 6.01347001699907e-154,  6.01347001699907e-154, 6.01347001699907e-154, 6.01347001699907e-154,  6.01347001699907e-154, 6.01347001699907e-154, 6.01347001699907e-154,  6.01347001699907e-154, 6.01347001699907e-154, 6.01347001699907e-154,  6.01347001699907e-154, 6.01347001699907e-154, 6.01347001699907e-154,  6.01347001699907e-154, 6.01346961690249e-154, 6.01347001699907e-154,  6.01347001699907e-154, 6.01347001699907e-154, 6.01347001699907e-154,  6.01347001699907e-154, 6.01347001699907e-154, 6.01347001699907e-154,  6.01347001699907e-154, 6.01347001699907e-154, 6.01347001699907e-154,  6.01347001699907e-154, 6.01347001699907e-154, 6.03095050308782e-154,  6.01347001699907e-154, 6.01347001699907e-154, 6.01347001699907e-154,  6.01347001699907e-154, 6.01347001699907e-154, 6.01347001699907e-154,  6.01347001699907e-154, 6.01347001699907e-154, 6.01347001699907e-154,  6.01347001699907e-154, 6.01347001699907e-154, 6.01347001699907e-154,  6.01347001699907e-154, 6.01347001699907e-154, 6.01347001699907e-154,  6.01347001699907e-154, 6.01347001699907e-154, 6.01347001699907e-154,  6.01347001699907e-154, 6.01347001699907e-154, 6.01347001699907e-154,  6.01347001699907e-154, 6.01347001699915e-154, 6.01347001699907e-154,  6.01347001699907e-154, 6.01347001699907e-154, 6.01347001699907e-154,  6.01347001699907e-154, 6.01347001699907e-154, 6.01347001699907e-154 ), ys = c(6.01347001699907e-154, 6.01347001699907e-154, 6.01347001699907e-154,  6.01347001699907e-154, 6.01347001699907e-154, 6.01347001699907e-154,  6.01329930912711e-154, 6.01347001699907e-154, 6.01347001699907e-154,  6.01347001699907e-154, 6.01347001699907e-154, 6.01347001699907e-154,  6.01347001699907e-154, 6.01347001699907e-154, 6.01347001699907e-154,  6.01347001699907e-154, 6.01347001699907e-154, 6.01347001699907e-154,  6.01347001699907e-154, 6.01347001699907e-154, 8.27345849359751e-289,  6.01347001699907e-154, 6.01347001699907e-154, 6.01347001699907e-154,  6.01347001699907e-154, 6.01347001699907e-154, 6.01347001699907e-154,  6.01347001699907e-154, 6.01347001699907e-154, 6.01347001699907e-154,  6.01347001699907e-154, 5.50047937984981e-311, 0, 0, 0, 0, 0,  0, 0, 0, 0, 0, 0, 0, 0, 0, 0, 0, 0, 0, 0, 0, 0, 0, 0, 0, 0, 0,  0, 0, 0, 0, 0, 0, 0, 0, 0, 0, 0, 0, 0, 0, 0, 0, 0, 0, 0, 0, 0,  0, 0, 0, 0, 0, 0, 0, 0, 0, 0, 0))
result <- do.call(precrec:::calc_auc,testlist)
str(result)