testlist <- list(xs = c(1.36656528938164e-311, -1.65791256519293e+82, -1.06085080136347e+37,  -4.6797892590747e+143, -1.62867813593242e+90, -1.13148154057486e-43,  -1.1713955333734e-31, 1.27375143867828e-212, -4.42041589312145e+92,  -5.07249392582481e+207, 8.60148313830859e-150, 2.90190951781172e+48,  -2.72819470543294e+134, -2.23411857963441e+97, 6.54404558221225e-125,  6.54404558221225e-125, 6.54404558221225e-125, -8.82172418725258e-21,  -7.84828807007467e-146, -7.48864562038427e+21, -1.00905374512003e-187,  5.22970923741951e-218, 2.77992264324548e-197, -5.29147138128251e+140,  6.91810848683088e-312, -1.52261026426638e-52, 2.0627472502345e-21,  2.77477784961188e-131, 2.36571851792443e+100, -2.39778800228083e+40,  2.93126040859825e-33, 5.98926356202897e-123, 6.54404558221225e-125,  6.54404558221225e-125, 6.54404558221225e-125, 6.54404558221225e-125,  6.54404558221225e-125, 6.54404558221225e-125, 6.54404558221225e-125,  6.54404558221225e-125, 6.54404558221225e-125, 6.54404558221225e-125,  6.54404558221225e-125, 6.54404558221225e-125, 6.54404558221225e-125,  6.54404558221225e-125, 6.54404558221225e-125, 6.54404558221225e-125,  6.54404558221225e-125, 6.54404558221225e-125, 6.54404558221225e-125,  6.54404558221225e-125, 6.54404558221225e-125, 6.54404558221225e-125,  6.54404558221225e-125, 6.54404558221225e-125, 6.54404558221225e-125,  6.54404558221225e-125, 6.54404558221225e-125, 6.54404558221225e-125,  6.54404558221225e-125, 6.54404558221225e-125, 6.54404558221225e-125,  6.54404558221225e-125, 6.54404558221225e-125, 6.54404558221225e-125,  6.54404558221225e-125, 6.54404558221225e-125, 6.54404558221225e-125,  6.54404558221225e-125, 6.54404558221225e-125, 6.54404558221225e-125,  6.54404558221225e-125), ys = c(6.54404558221225e-125, 6.54404558221225e-125,  6.54404558221225e-125, 6.54404558221225e-125, 6.54404558221225e-125,  6.54404558221225e-125, 6.54404558221225e-125, 6.54404558221225e-125,  6.54404558221225e-125, 6.54404558221225e-125, 6.54404558221225e-125,  6.54404558221225e-125, 6.54415378118042e-125, 6.54404558221225e-125,  6.54404558221225e-125, 6.54404558221225e-125, 6.54404558221225e-125,  6.54404558221225e-125, 6.54404558221225e-125, 6.54404558221225e-125,  6.54404558221225e-125, 6.54404558221225e-125, 6.54404558221225e-125,  6.54404558221225e-125, 6.54404558221225e-125, 6.54404558221225e-125,  6.54404558221225e-125, 6.54404558221225e-125, 6.54404558221225e-125,  6.54404558221225e-125, 6.54404558221225e-125, 6.54404558221225e-125,  6.54404558221225e-125, 6.54404558221225e-125, 6.54404558221225e-125,  6.54404558221225e-125, 6.54404558221225e-125, 6.54404558221225e-125,  6.54404558221225e-125, -4.17164689175148e+261, -3.93677249849549e+233,  6.34462122600657, 1.9339037639437e+251, -9.97558389031073e-190,  -8115612801480108, 3.34760814990257e+191, 4.33639456309131e+43,  5.27779355891811e+141, 8.29332676907378e+130, 5.03818476931291e-300,  -1.85777631996436e+45, -2.20132338845731e-195, 2.0651104599762e+29,  -2.61727542111381e+134, 1.04015534723069e+206, 2.29241055316809e-259,  -726291730410363136, -3.2961019526569e-15, -2.59055243582929e-152,  -1.22347459068816e-283, 4.35475144158842e-293, 2.05924128732601e+108,  -4.61439743233575e-53, 2.0627472502345e-21, 2.77477784961188e-131,  2.36571851792443e+100, -2.39778800228083e+40, 2.93126040859825e-33,  2.03804078483578e-84))
result <- do.call(precrec:::calc_auc,testlist)
str(result)