testlist <- list(xs = c(4.44172304180766e+291, 4.44172304180766e+291, 4.44172304180766e+291,  4.44172304180766e+291, 4.44172304180766e+291, 4.44172304180766e+291,  9.16467115928818e-85, 7.47695592987154e+20, 7.4770802645436e+20,  7.4770802645436e+20, 3.0429572208574e-86, 3.03428333398789e-86,  3.03428333398789e-86, 3.03428333398789e-86, 3.03428333398789e-86,  3.03428333398789e-86, 7.47695592987154e+20, 7.4770802645436e+20,  7.4770802645436e+20, 7.4770802645436e+20, 7.4770802645436e+20,  7.4770802645436e+20, 7.4770802645436e+20, 7.4770802645436e+20,  7.4770802645436e+20, 7.4770802645436e+20, 7.4770802645436e+20,  7.4770802645436e+20, 7.4770802645436e+20, 7.4770802645436e+20,  7.4770802645436e+20, 7.4770802645436e+20, 7.4770802645436e+20,  7.4770802645436e+20, 7.4770802645436e+20, 7.4770802645436e+20,  7.4770802645436e+20, 7.4770802645436e+20, 7.4770802645436e+20,  NA, 7.4770802645436e+20, 7.4770802645436e+20, 7.4770802645436e+20,  7.4770802645436e+20, 7.4770802645436e+20, 7.4770802645436e+20,  7.4770802645436e+20, 7.4770802645436e+20, 7.4770802645436e+20,  7.4770802645436e+20, 7.4770802645436e+20, 7.4770802645436e+20,  7.4770802645436e+20, 7.4770802645436e+20, 7.4770802645436e+20,  7.4770802645436e+20, 7.4770802645436e+20, 7.4770802645436e+20,  7.4770802645436e+20, 7.4770802645436e+20, 7.4770802645436e+20,  7.4770802645436e+20, 7.4770802645436e+20, 7.4770802645436e+20,  7.4770802645436e+20, 7.4770802645436e+20, 7.4770802645436e+20,  7.4770802645436e+20, 7.4770802645436e+20, 7.4770802645436e+20,  7.4770802645436e+20, 7.4770802645436e+20, 7.4770802645436e+20,  7.4770802645436e+20, 7.4770802645436e+20, 7.4770802645436e+20,  7.4770802645436e+20, 3.0342833339879e-86, 3.03428333398789e-86,  3.03428333398789e-86, 3.03428333354314e-86, 3.03428333398789e-86,  3.03428333398789e-86, 3.03428333398789e-86, 3.03428333398789e-86,  3.03428333398789e-86, 3.03428333398789e-86, 3.03428333398789e-86,  0), ys = c(3.02996333173843e-86, 3.03428333398789e-86, 3.03428333398789e-86,  3.03428333398789e-86, 3.03428333398789e-86, 3.03428333398789e-86,  3.03428333398789e-86, 3.03428333398789e-86, 3.03428333398789e-86,  3.03428333398789e-86, 3.03428333398789e-86, 3.03428333398789e-86,  3.03428333398789e-86, 4.14720216218604e-87, 3.03428333398789e-86,  3.03428333398789e-86, 3.03428333398789e-86, 3.03428333398789e-86,  3.03428333398789e-86, 3.03428333398789e-86, 3.03428333398789e-86,  3.03428333398789e-86, 3.03428333398789e-86, 3.03428333398789e-86,  3.03428333398789e-86, 3.03428333398789e-86, 3.03428333398789e-86,  3.03428333398789e-86, 3.03428333398789e-86, 3.03428333398789e-86,  3.03428333398789e-86, 3.03428333398789e-86, 3.03428333398789e-86,  3.03428333398789e-86, 3.03428333398789e-86, 3.03428333398789e-86,  3.82791397496767e-315, 0, 0, 0, 0))
result <- do.call(precrec:::calc_auc,testlist)
str(result)