testlist <- list(xs = c(131109.498672485, 1.29209058805288e+241, 1.01744033703488e-301,  2.8396262443943e+238, 1.55249074864942e-306, 2.83962624439424e+238,  2.8396262443943e+238, 2.8396262443943e+238, NaN, -9.70267769387418e+83,  -3.0644499394528e+307, -3.89759516280928e+100, -2416642598281384960,  1.3075634415737e-163, 1.30750514675593e-163, 1.30750514675577e-163,  1.30750514675593e-163, 1.30750514675593e-163, 1.30750514675593e-163,  1.32410433319054e-163, 1.30750514675593e-163, 1.30749587268373e-163,  1.30750514675593e-163, 1.30750514675593e-163, 1.30750514675593e-163,  1.30750514675593e-163, 1.30750514675593e-163, 1.30750514675593e-163,  1.30750514675593e-163, 1.30750514675593e-163, 1.30750514675593e-163,  5.43294832007402e-309, 1.30750514676189e-163, 1.30750514675593e-163,  1.30750514675593e-163, 1.30750514645158e-163, 1.30750514675593e-163,  1.30750514675593e-163, 1.30750514675593e-163, 1.55427953351606e-309,  1.30750514675474e-163, 1.30750514675593e-163, 1.30750514675593e-163,  1.30750514675593e-163, 1.30750514675593e-163, 1.91092091280237e-115,  1.30750514675593e-163, 1.30750514675593e-163, 1.30750514675593e-163,  1.30750514675593e-163, 1.30750514675593e-163, 4.18837432189591e-308,  1.3075051464515e-163, 1.30750514675593e-163, 1.30750514675593e-163,  1.30750514675593e-163, 1.30750514675593e-163, 1.30750514675593e-163,  1.30750514675593e-163, 1.30750514675593e-163, 1.30750514675593e-163,  1.30750514675593e-163, 1.30750514675593e-163, 1.30750514675593e-163,  1.30750514675593e-163, 1.30750514675593e-163, 1.30750514675593e-163,  1.30750514675593e-163, 1.30750514675593e-163, 1.30750514675593e-163,  1.30750514675593e-163, 1.30750514675593e-163, 1.30750518039514e-163,  1.30750514675593e-163, 1.30750514675593e-163, 1.30750514675593e-163,  1.30750514675593e-163, 1.30750514675593e-163, 1.30750514675593e-163,  1.30750514675593e-163, 1.30750514675593e-163, 1.30750514675593e-163,  1.30750514675593e-163, 1.30750514675593e-163), ys = c(1.30750514675593e-163,  1.30750514675593e-163, 1.30750514675593e-163, 1.30750514675593e-163,  1.30750514675593e-163, 1.30750514675593e-163, 1.30750514675593e-163,  3.49859775596801e-164, 1.30750514675593e-163, 1.17726537623785e-163,  1.3075230324666e-163, 1.30750514675593e-163, 1.30750514675593e-163,  1.30750514675593e-163, 1.30750514675593e-163, 1.30750514675593e-163,  1.30750514675593e-163, 7.52941176470588, 1.30750514675593e-163,  1.30750514675593e-163, 1.30750514675593e-163, 1.31344055296259e-163,  1.30750514675593e-163, 1.30750514675593e-163, 1.30750514675593e-163,  1.30750514675593e-163, 1.30750514675593e-163, -5.5731795266785e+303,  2.8396262443943e+238, 2.8396262443943e+238, 2.8396262443943e+238,  2.8396262443943e+238, 2.8396262443943e+238, 2.8396262443943e+238,  NaN, 1.92769972941928e+154, -2.20596060333834e+28, -1.3847171721888e+86,  -4.16812942868348e+86, -1.38470391314097e+86, -1.61064598917651e+82,  0, 0, 0, 0, 0, 0, 0, 0, 0, 0, 0, 0, 0, 0, 0, 0, 0, 0, 0, 0, 0,  0, 0, 0, 0, 0, 0, 0, 0, 0, 0, 0, 0, 0, 0, 0, 0, 0, 0, 0, 0, 0,  0, 0, 0, 0, 0, 0, 0, 0, 0, 0, 0, 0, 0, 0))
result <- do.call(precrec:::calc_auc,testlist)
str(result)