testlist <- list(xs = c(-2.93743561720225e-306, -2.93744664113277e-306, -2.93542027304066e-306,  4.45451376661142e+291, 8.22451621665571e-309, 2.54468594332318e-29,  3.3103697155251e-28, 3.3103697155251e-28, 3.3103697155251e-28,  3.3103697155251e-28, 3.3103697155251e-28, 3.3103697155251e-28,  3.3103697155251e-28, 3.3103697155251e-28, 3.31036971552511e-28,  3.3103697155251e-28, 3.3103697155251e-28, 3.3103697155251e-28,  3.3103697155251e-28, 1.24932109186589e+141, 3.3103697155251e-28,  3.3103697155251e-28, 3.3103697155251e-28, 3.3103697155251e-28,  1.35592743547908e-24, 3.3103697155251e-28, 3.3103697155251e-28,  3.3103697155251e-28, 3.3103697155251e-28, 3.31036988855787e-28,  3.31036973809459e-28, 3.3103697155251e-28, 3.3103697155251e-28,  3.3103697155251e-28, 3.3103697155251e-28, 3.3103697155251e-28,  3.3103697155251e-28, 3.3103697155251e-28, 3.3103697155251e-28,  3.3103697155251e-28, 3.3103697155251e-28, 3.3103697155251e-28,  3.3103697155251e-28, 1.65436122272545e-24, 3.3103697155251e-28,  3.3103697155251e-28, 3.3103697155251e-28, 3.3103697155251e-28,  3.3103697155251e-28, 5.60214952793688e+97, 3.3103697155251e-28,  3.29853680194678e-28, 3.3103697155251e-28, 3.3103697155251e-28,  3.3103697155251e-28, 3.3103697155251e-28, 3.3103697155251e-28,  8.90701301298956e-29, 3.3103697155251e-28, 3.31036985094205e-28,  3.3103697155251e-28, 3.3103697155251e-28, 3.3103697155251e-28,  8.54820179433728e+92, 3.31036986598838e-28, 3.3103697155251e-28,  1.17607957702329e-42, 3.3103697155251e-28, 3.3103697155251e-28,  3.3103697155251e-28, 3.3103697155251e-28, 3.3103697155251e-28,  3.3103697155251e-28), ys = c(3.3103697155251e-28, 3.3103697155251e-28,  3.3103697155251e-28, 3.3103697155251e-28, 3.3103697155251e-28,  3.3103697155251e-28, 4.66728752466026e-62, 4.66726145839586e-62,  4.66726145839586e-62, 4.66726145839586e-62, 4.66726145839586e-62,  4.66726145839586e-62, 4.66726145839586e-62, 4.66726145839586e-62,  4.66726145839586e-62, 4.66726145839586e-62, 4.66726145839586e-62,  4.66726145839586e-62, 4.66726145839586e-62, 4.66726145839586e-62,  4.66726145839586e-62, 4.66726145839586e-62, 4.66726145839586e-62,  4.66726145839586e-62, 4.66726145839586e-62, 4.66726145839586e-62,  4.66726145839586e-62, 4.66726145839586e-62, 4.66726145839586e-62,  4.66726145839586e-62, 4.66726145839586e-62, 4.66726145839586e-62,  4.66726145839586e-62, 4.66726145839586e-62, 4.66726145839586e-62,  4.66726145839586e-62, 4.66726145839586e-62, 4.66726145839586e-62,  4.66726145839586e-62, 4.66726145839586e-62, 4.66726145839586e-62,  4.66726145839586e-62, 4.66726145839586e-62, 4.66726145839586e-62,  4.66726145839586e-62, 4.66726145839586e-62, 4.66726145839586e-62,  4.66726145839586e-62, 4.66726145839586e-62, 3.30690491468648e-28,  3.3103697155251e-28, 3.3103697155251e-28, 3.3103697155251e-28,  3.3103697155251e-28, 3.3103697155251e-28, 3.3103697155251e-28,  3.3103697155251e-28, 3.3103697155251e-28, 3.31036956506182e-28,  3.3103697155251e-28, 3.3103697155251e-28, 3.3103697155251e-28,  3.3103697155251e-28, 3.3103697155251e-28, 3.3103697155251e-28,  3.3103697155251e-28, 3.3103697155251e-28, 3.3103697155251e-28,  3.3103697155251e-28, 3.3103697155251e-28, 3.3103697155251e-28,  3.3103697155251e-28, 3.3103697155251e-28, 3.3103697155251e-28,  3.3103697155251e-28, 3.3103697155251e-28, 3.3103697155251e-28,  3.3103697155251e-28, 3.31036971552509e-28, 3.3103697155251e-28,  3.3103697155251e-28, 3.3103697155251e-28, 3.3103697155251e-28,  9.56137726799866e-303, 3.3103697155251e-28, 3.3103697155251e-28,  3.3103697155251e-28, 3.3103697155251e-28, 3.3103697155251e-28,  3.3103697155251e-28, 3.3103697155251e-28, 3.3103697155251e-28,  3.3103697155251e-28, 3.31036964029346e-28, 3.3103697155251e-28,  3.3103697155251e-28, 3.3103697155251e-28, 3.3103697155251e-28,  3.3103697155251e-28, 3.3103697155251e-28))
result <- do.call(precrec:::calc_auc,testlist)
str(result)