testlist <- list(xs = c(-4.69632320435432e-253, -4.69632320435432e-253, -4.69632320435432e-253,  -4.69632320435432e-253, -4.69632320435432e-253, -4.69632320435432e-253,  -4.69632320435432e-253, -4.69632320435432e-253, -4.69632320435432e-253,  -4.69632320435432e-253, -4.69632320435432e-253, -4.69632320435432e-253,  -4.69632320435432e-253, -4.69632320435432e-253, -4.69632320435432e-253,  -4.69632320435432e-253, -4.69632320435432e-253, -4.69632320435432e-253,  -4.69632320435432e-253, -4.69632320435432e-253, -4.69632320435432e-253,  -4.69632320435432e-253, -4.69639864957315e-253, -4.69632320435432e-253,  -4.69632320435432e-253, -4.69632320435432e-253, -4.69632320435432e-253,  -4.69632320435432e-253, -4.69632320435432e-253, -4.69632320435432e-253,  -4.69632320435432e-253, -4.69632320435432e-253, -4.69632320435432e-253,  -4.69632320435432e-253, -4.69632320435432e-253, -4.69632320435432e-253,  -4.69632320435432e-253, -4.69632320435432e-253, -4.69632320435432e-253,  -4.69632320435432e-253, -4.69632320435432e-253, -4.69632320435432e-253,  -4.69632320435432e-253, -4.69632320435432e-253, -4.69632320435432e-253,  -4.69632320435432e-253, -4.69632320435432e-253, -4.69632320435432e-253,  -4.69632320435432e-253, -4.69640385269169e-253, -4.69632320435432e-253,  -4.69632320435432e-253, -4.69632320435432e-253, -4.69632320435432e-253,  -4.69632320435432e-253, -4.69632320435432e-253, -4.69632320435432e-253,  -4.69632320435432e-253, -4.69632320435432e-253, -4.69632320435432e-253,  -4.69632320435432e-253, -4.69632320435432e-253, -4.69632320435432e-253,  -4.69632320435432e-253, -4.69632320435432e-253, -4.69632320435432e-253,  -4.69632320435432e-253, -4.69632320435432e-253, -4.69632320427493e-253,  -4.69632320435432e-253, -4.69632320435432e-253, -4.69632320435432e-253,  -4.69632320435432e-253, -4.69632320435432e-253, -4.69632320435432e-253,  -4.69632320435432e-253, -4.69632320435432e-253, -4.69632320435432e-253,  -4.69632320435432e-253, -4.69632320435432e-253, -4.69632320435432e-253,  -4.69632320435432e-253, -4.69632320435432e-253, -4.69632320435432e-253,  -4.69632320435432e-253, -4.69632320435432e-253, -4.69632320435432e-253,  -4.69632320435432e-253, -4.69632320435432e-253, -4.69632320435432e-253,  -4.69632320435432e-253, -2.54588191042752e-272, -4.69632320435432e-253,  -4.69632320435432e-253, -4.69632320435432e-253, -4.69632320435432e-253,  -4.69632320435432e-253, -4.69632320435432e-253, -4.69632320435432e-253,  0), ys = c(-4.69632320435432e-253, -4.69632320435432e-253, -4.69632320435432e-253,  -4.69632320435432e-253, -4.69632320435432e-253, -4.69632320435432e-253,  -4.69632320435432e-253, -4.69632320435432e-253, -4.69632320435432e-253,  -4.69632320435432e-253, -4.69632320435432e-253, -4.69632320435432e-253,  -4.69632320435432e-253, -4.69632320435432e-253, -4.69632320435432e-253,  -4.69632320435432e-253, -4.69632320435432e-253, -4.69632320435432e-253,  -4.69632320435432e-253, -4.69632320435432e-253, -4.69632320435432e-253,  -4.69632320435432e-253, -4.71763517789344e-253, -4.69632320435432e-253,  -4.69632320435432e-253, -4.69632320435432e-253, -4.69632320435432e-253,  -4.69632320435432e-253, -4.69632320435432e-253, -4.69632320435432e-253,  -4.69632320435432e-253, -4.69632320435432e-253, -4.69632320435432e-253,  -4.69632320435432e-253, -4.69632320435432e-253, -4.69632320435432e-253,  -4.69632320435432e-253, -4.69632320435432e-253, -4.69632320435432e-253,  -4.69632320435432e-253, -4.69632320435432e-253, -4.69632320435432e-253,  -4.69632320435432e-253, -4.69632320435432e-253, -4.69632320435432e-253,  -4.69632320435432e-253, -3767005596654966272, 1.69024798098749e-319,  0, 0, 0, 0, 0, 0, 0, 0, 0, 0, 0, 0, 0, 0, 0, 0, 0, 0, 0, 0, 0,  0, 0, 0, 0, 0, 0, 0, 0, 0, 0, 0, 0, 0, 0, 0, 0, 0, 0, 0, 0, 0,  0, 0, 0, 0, 0, 0, 0, 0, 0, 0))
result <- do.call(precrec:::calc_auc,testlist)
str(result)