testlist <- list(xs = c(6.07857763730461e+199, 6.07857763730461e+199, 6.07857763730461e+199,  6.07857763730656e+199, 6.07857763730461e+199, 6.07857763730461e+199,  6.07857763730461e+199, 6.07857763730461e+199, 6.07857763730461e+199,  6.07857763730461e+199, 6.07857763730461e+199, 6.07857763730461e+199,  6.07857763730461e+199, 6.07857763730461e+199, 6.07857763730461e+199,  1.78633341842156e+161, 6.07857763730461e+199, 6.07857763730461e+199,  6.07857763730461e+199, 6.07857763730461e+199, 6.07857763730461e+199,  6.07857763730461e+199, 6.07857763730461e+199, 6.07857763730461e+199,  6.07857763730461e+199, 6.07857763730461e+199, 6.07857763730461e+199,  6.07857763730461e+199, 6.07857763730461e+199, 6.07857763730461e+199,  6.07857763730461e+199, 6.07857763730461e+199, 6.07857763730461e+199,  6.07857763730461e+199, 6.07857763730461e+199, 6.07857763730461e+199,  6.07857763730461e+199, 6.07857763730461e+199, 6.07857763730461e+199,  6.07857763730461e+199, 6.07857763730461e+199, 6.07857763730461e+199,  6.07857763730461e+199, 6.07857763730461e+199, 6.07857763730461e+199,  6.07857763730461e+199, 2.32167895869273e+199, 6.07857763730461e+199,  6.07857763730461e+199, 6.07857763730461e+199, 6.07857763730461e+199,  6.07857763730461e+199, 6.07857763730461e+199, 6.07857763730461e+199,  6.07857763730461e+199, 6.07857763730461e+199, 6.07857763730461e+199,  6.07857763730461e+199, 6.07857763730461e+199, 6.07857763730461e+199,  5.12176449069184e+199, 6.07857763730461e+199, 6.07857763730461e+199,  6.07857763730461e+199, 6.07857763730461e+199, 6.07857763730461e+199,  6.07857763730461e+199, 6.07857763730461e+199, 6.07857763730461e+199,  6.07857763730461e+199, 6.07857763730461e+199, 6.07857763730461e+199,  6.07857763730461e+199, 6.07857763730461e+199, 6.07857763730461e+199,  6.07857763730461e+199, 6.07857763730461e+199, 6.07857763730461e+199,  6.07857763730461e+199, 6.07857763730461e+199, 6.07857763730461e+199,  6.07857763730461e+199, 6.07857763730461e+199, 6.07857763730461e+199,  6.07857763730461e+199, 6.07857763730461e+199, 0), ys = c(6.07857763730461e+199,  6.07857763730461e+199, 6.07857763730461e+199, 6.07857763730461e+199,  6.07857763730461e+199, 6.07857763730461e+199, 6.07857763730461e+199,  6.07857763730461e+199, 6.07857763730461e+199, 6.07857763730461e+199,  6.07857763730461e+199, 6.07857763730461e+199, 2.84579331947297e+103,  6.07857763730461e+199, 1.19613666699517e+198, 5.18768928133309e-322,  0, 0, 0, 0, 0, 0, 0, 0, 0, 0, 0, 0, 0, 0, 0, 0, 0, 0, 0, 0, 0,  0, 0, 0, 0, 0, 0, 0, 0, 0, 0, 0, 0, 0, 0, 0, 0, 0, 0, 0, 0, 0,  0, 0, 0, 0, 0, 0, 0, 0, 0, 0, 0, 0, 0, 0, 0, 0, 0, 0, 0, 0, 0,  0, 0, 0, 0, 0, 0, 0, 0))
result <- do.call(precrec:::calc_auc,testlist)
str(result)