testlist <- list(xs = c(4.90469700952609e-114, 3.0654356309538e-115, 3.0654356309538e-115,  3.06543563095382e-115, 3.08278484273233e-115, 3.0654356309538e-115,  3.0654356309538e-115, 3.0654356309538e-115, 7.45166176942152e-178,  3.0654356309538e-115, 3.0654356309538e-115, 1.66177598534729e-134,  8.81337135823695e-280, 3.06642701448401e-115, 3.0654356309538e-115,  3.0654356309538e-115, 5.71056352288772e-116, 3.0654356309538e-115,  3.0654356309538e-115, 3.07336669919542e-115, 3.32617581003066e-111,  3.0604787133028e-115, 3.0654356309538e-115, 3.0654356309538e-115,  3.0654356309538e-115, 3.06543563104244e-115, 3.0654356309538e-115,  3.0654356313379e-115, 3.0654356309538e-115, 3.0654356309538e-115,  3.05346157675309e-115, 3.0654356309538e-115, 3.0654356309538e-115,  3.0654356309538e-115, 3.0654356309538e-115, 3.06543532722574e-115,  3.0654356309538e-115, 3.0654356309538e-115, 3.0654356309538e-115,  3.06543573684499e-115, 3.0654356309538e-115, 1.66177598534729e-134,  8.81337135823695e-280, 3.06642701448401e-115, 3.0654356309538e-115,  3.0654356309538e-115, 5.71056352288772e-116, 3.0654356309538e-115,  3.0654356309538e-115, 3.0654356309538e-115, 3.06539109614678e-115,  3.06543538135315e-115, 3.06771077870378e-115, 3.0654356309538e-115,  3.06543563106887e-115, 3.0654356309538e-115, 3.0654356309538e-115,  3.0654356309538e-115, NaN, 3.06543563095737e-115, 3.07981069214172e-115,  3.06539690503466e-115), ys = c(3.0654356309538e-115, 3.0654356309538e-115,  3.0654356309538e-115, 9.58811235538803e-116, 3.0654356309538e-115,  3.06538335096295e-115, 3.0654356309538e-115, 3.0654356309538e-115,  3.0654356309538e-115, 3.0654356309538e-115, 3.0654356309538e-115,  3.0654356309538e-115, 3.0654356309538e-115, 3.0654356309538e-115,  3.0654356309538e-115, 3.0654356309538e-115, 3.0654356309538e-115,  3.0654356309538e-115, 3.0654356309538e-115, 3.0654356309538e-115,  3.0654356309538e-115, 3.0654356309538e-115, 3.0654356309575e-115,  1.37845076262046e-114, 3.0654356309538e-115, 3.0654356309538e-115,  3.0654356309538e-115, 3.06549178353657e-115, 3.0654356309538e-115,  3.0654356309538e-115, 3.0654356309538e-115, NaN, 3.31922981468535e-115,  3.0654356309538e-115, 3.0654356309538e-115, 4.82515590053236e-299,  3.0654356309538e-115, 3.0654356309538e-115, 6.13087126190761e-115,  NaN, 1.91340909107425e-115, 3.0654356309538e-115, 3.0654356309538e-115,  3.0654356309538e-115, 3.06543565364477e-115, 3.0654356309538e-115,  3.06543572928133e-115, 3.0654356309538e-115, 3.0654356309538e-115,  1.01521561271176e-115, 3.0654356309538e-115, 3.0654356309538e-115,  3.0654356309538e-115, 3.0654356309538e-115, 3.0654356309538e-115,  3.0654356309538e-115, 3.0654356309538e-115, 3.0654356309538e-115,  3.06546273909721e-115, 3.0654356309538e-115, 3.0654356309538e-115,  NaN))
result <- do.call(precrec:::calc_auc,testlist)
str(result)