testlist <- list(fns = c(-2.76241790143465e+214, -7.50905712971789e+25, -4.12234719786854e+202,  -3.27024169932358e-258, 1.09305719856016e-217, 2.47217219564177e-148,  -2.34426859053439e+82, 1.59676695731788e+96, 8.25635292735749e+211,  -3.22053186287601e+109, 1.3588152806868e-127, 1.79365772782607e+151,  2.36475053781479e-159, -1.61278874822903e-27, 1.34821681889961e-305,  1.21519170606269e+154, 3.10442978220527e+182, -8.77688628206122e+294,  1.07030776173397e+281, -1.16901455518613e+275, 2.21368575655145e+95,  -2.21654455718914e+226, -2.60896510056384e-145, -2.55534878401553e-54,  -2.11917298289493e+232, -4.46914357471449e-100, -0.000368991203826748,  -1.98854848715129e+202, -3.88622535135107e-05, 6.07475633799053e-151,  -1.91084158438728e-212, 4.56399774006962e-120, -5.99850007817457e-194,  1.01831368894138e+25, -2.35613099984896e-94, 9.9185145619752e+19,  7.29112763791137e-304, 1.35041284059029e+126, -3.15428879429353e-117,  -1.50478504919032e+263, 3.19819372492243e-310, 1.07733607653022e+226,  -2.26364038798862e+72, 1.63451731479341e-312, 0, 0, 0, 0, 0,  0, 0, 0, 0, 0, 0, 0, 0, 0, 0, 0, 0, 0, 0, 0, 0, 0, 0, 0, 0, 0,  0, 0, 0, 0, 0, 0, 0, 0, 0, 0, 0, 0, 0, 0, 0, 0, 0, 0), fps = c(-1.34553571049588e+35,  1.03096208704614e-37, -4.37352183661831e-263, 9.79043272971246e-216,  -5.45340378757325e-294, -3.0862563413159e+111, 3.51477846216978e-306,  1.44417546263603e+301, -3.39704320244984e-139), nn = 0L, np = 185469452L,      tns = c(-3.84590489893956e+51, -4.95290198891793e-92, -2.48196892560358e+161,      -2.82758221569011e-210, -1.60260983668043e+29, -3.94728191945659e-142,      -5.98044164848112e-76, -7.59591072203215e+64, -4.14822614491204e+90,      5.29946060733143e-132, 4.92771260988681e-271, -6.27743856221069e+66,      -6.27743856220419e+66, -8726049737199053, 4.48634123497834e+125,      3.32276833565654e+123, -4.34307405973944e-154, 7.28852903962613e-238,      7.97982107522452e-309, 2.94007208799581e+144, 2.12091432181061e+247,      -0.121482947673709, -3.08484997442512e+121, -1.02204651920709e+49,      1.79845008858422e-116, -8.45184935760658e+62, -1.26303460892277e+22,      -1.19664958529843e-175, 3.55607058464542e+64, 2.59116978440583e-197,      -1.06554398746655e+142, -2.70518395493066e+203, 6.05422370870724e+244,      -7.91707921314267e+115, 1.10806367946993e+241, -2.50875494404266e-27,      3.70385409234064e+214, -1.23832202111028e-182, -1.52027996361993e+260,      5.03390425627916e-308, 3.18461136008326e+77, -6.01121906718774e+118,      -1.08871690267627e-207, 2.60399902094643e+243, -9.26635547688698e+149,      9.10965688616763e-306, -1.97584120745121e-250, 8.89385545899629e+305,      4.45573941395064e-205), tps = c(1.70830528242901e+82, 7.09902672314998e-56,      2.40411404800363e-19, -2.44207955571353e+54))
result <- do.call(precrec:::calc_basic_measures,testlist)
str(result)