testlist <- list(fps = c(5.44815960988589e+83, 5.25663347308138e+83, 1.70433823303506e-305,  -1.58793966489791e+227, -1.51420772274236e-218, 2.05562450241696e-309,  1.05682098528533e+254, -8.67504193099926e+181, 3.62794352429611e+190,  1.8350499557159e+151, -1.71833321762349e-93, -1.71817567936703e-93,  -1.71833311400204e-93, -1.71833311400204e-93, -1.71833311400204e-93,  -1.71833311400204e-93), sn = c(-1.71833299613144e-93, -1.07861517718746e-35,  -1.71833311400204e-93, -5.27216116322006e-185, -7.03140805690236e+108,  8.45539860738522e-307, 0, 0, 0, 0, 0, 0, 0, 0, 0, 0, 0, 0, 0,  0, 0, 0, 0, 0, 0, 0, 0, 0, 0, 0, 0, 0, 0, 0, 0, 0, 0, 0, 0, 0,  0, 0, 0, 0, 0, 0, 0, 0, 0, 0, 0, 0, 0, 0, 0, 0, 0, 0, 0, 0, 0,  0, 0, 0, 0, 0, 0, 0, 0, 0, 0, 0, 0, 0, 0, 0, 0, 0, 0, 0, 0, 0,  0, 0), sp = c(-1.72582379616955e-93, -1.71833311400204e-93, -1.71833311400204e-93,  -1.71833311400204e-93, -1.71833311400204e-93, 2.15524205600079e-310,  -1.42596163483585e+282, -1.30342622236335e+118, -1.00252054090433e+120,  -1.00252054090433e+120, -1.00252054090433e+120, -1.00252054090433e+120,  -1.00252054090433e+120, -1.00252054090433e+120, -1.00252054090433e+120,  -1.00252054090433e+120, -1.00252054090433e+120, -1.00252054090433e+120,  -1.00252054090433e+120, -7.42049539219474e+278, -3.61332403483011e+38,  7.69395670445668e+35, -8.77362046735381e+261, -3.98747583527547e+288,  -2.08321819499737e+111, 2.23407634596437e-138, -2.78274712165018e-307,  -3.43843847877881e+305, 1.60980986597201e+159, 2.00994342527715e-162,  2.86549126589958e+91, -2.79776310961106e+85, 1.60950429008189e-223,  -6.13441315350371e-259, -4.35513793474805e+140, -7.10555151090255e-93,  -403481.026306954, -5.73744775204861e+306, 1.53154086902384e+264,  1.14888669795431e+194, 9.86068619820884e+150, -9.71129288674146e-180,  -1.0806080423729e+66, 4.59853133387643e-190, -6.93421750163758e-153,  -2.39778801376952e+40, 2.93126057505009e-33, 2.15635724563701e+39,  -2.03251866476983e+20, 5.72416367842653e-22, 4.57824724248554e+214,  3.9513296397556e-227, -8.26903269622112e-103, 2.90207880022159e+44,  -3.49331315077962e-132, -2.7407130242883e-80, 1.61219429500198e-143,  -1.08908470413882e+66, 4.59853133387643e-190, -6093056.01025003,  -8.17138084499905e+58, -1.72510273362987e-93, -2.01950789653918e-170,  -0.215367247268109), tps = c(2.33178941275159e-93, 2.17194143215823e+161,  -4.56084888900361e-83, 4.97758283314285e-123, -3.3874459043707e+232,  1.70433823303506e-305, -1.58793954840733e+227, -1.51420772274236e-218,  6.48300719512778e-67, 2.56736506914158e+151, 3.29289954160027e+39,  4.30927101459508e-293, 2.091957238775e+108, 4.92111079627281e+77,  -8.1084967278659e+229, 1.61218410506543e-143, -1.08682213537251e+66,  2.56736767963595e+151, -5.48659810961916e+303, 8.58339008399394e-312,  -1.43408042475685e-192), bins = NULL, x_bins = 0)
result <- do.call(precrec:::create_roc_curve,testlist)
str(result)