testlist <- list(fps = c(1.77594289146517e+218, 2.77815333539828e-75, 2.41737052023077e+35,  -1.53735666800283e-196, 3.10749948927318e-102, 2.16582532930347e+37,  2.41737028034779e+35, 2.4173705217461e+35, 3.04044614477028e+35,  2.4173705217461e+35, -1.42888790648236e+306, 2.41737052111072e+35,  1.34414273801127e-231, 5.02007315313533e+173, -1.15844998194704e-286,  -3.98726823437481e+288, -2.08318556639597e+111, -3.19569588723271e-94,  -1.70447453009074e+289, -1.70447452905271e+289, -1.70447452904916e+289,  -1.70447452905271e+289, -1.70447452905282e+289, -1.70447452905271e+289,  -1.70447452903919e+289, -Inf, -1.26343739423133e-283, 4.35475144158842e-293,  -9.26391270611624e+112, 2.7516433560599e-135, 1.75296871658989e-76,  3.00838405233004e+213, 7.90111806078224e-112, 5.42210353271635e-85,  2261634.50980392, -403801.026306954, -4.63468023854416e+158,  3.35412096966889e+234, -5.08073614364655e-93, 5.36155696770845e+43,  1.83490745925827e+151, 2.15039394753986e-201, -Inf, Inf, NA,  -1.04139851362965e+86, -2.07360591649261e+230, 2.13048820210241e-193,  -1.43292713208505e-192, -1.73456983658289e+132, 8.00016667198935e-119,  -1.38769746248887e+306, -1.0409817208218e+301, -4.69483768907847e-56,  -7.70258199695627e+62, -1.0830654739171e-274, -3.66720914317745e-169,  -8.08984751672604e-174, 1.11267407785532e-308, 3.20301508329848e+161,  4.85840357656519e+279, -1.88532516364052e+258, -4.48843168484172e-177,  -3.17957013073718e-223, 1.23452443359237e-225, 8.69255119518154e-311,  0), sn = c(-8.62718294248019e+68, 8.81550165143886e-280, 4.39841185051735e-154,  7.29370211384527e+184, 5.16191405817556e-225, 1.26441280083692e-319,  0, 0, 0, 0, 0, 0, 0, 0, 0, 0, 0, 0, 0, 0, 0), sp = c(-Inf, -1.77548498085422e-64,  -1.77548498085422e-64, 1.91374883209651e+214, 1.91374883209651e+214,  1.91374883209651e+214, 1.91374883209651e+214, 1.90206557712143e+214,  1.91374883209651e+214, 1.69408094224268e-122, -7.85309082006414e-204,  -2.3601031753411e+90, -9.79867357991015e-163, 9.44227262899786e-200,  2.32790193330219e+208, 2.47920335535781e-268, -6.72368574826813e+306,  2.77477784866062e-131, -3.17981067184995e+94, -1.0428841322503e-223,  -7.82493806468522e+87, 2.79233363492051e-197, NA, -1.99385440838162e+81,  -1.99385440838119e+81, 0), tps = c(1.62912361911023e-292, 2.36541401657259e+100,  -1.70441592586277e+289, -1.70447452905271e+289, -1.70447452886835e+289,  -1.70447452905271e+289, 1.33870351310384e+210, 1.2748762371735e-212,  -4.42041779693697e+92, 2.96238532798081e+213), bins = NULL, x_bins = 0)
result <- do.call(precrec:::create_roc_curve,testlist)
str(result)