testlist <- list(fns = c(NaN, 1.06559867695611e-255, NaN, NaN, NaN, NaN,  2.46159478903886e-312, 4.22423522088279e-178, 4.62957075743489e-299,  NaN, 4.63540373515317e-299, 2.99942234397406e-241, NaN, 2.12455197126707e+183,  8.5916729063854e+251, 8.4548269746866e-315, 5.26746049647812e+178,  8.40476764068988e-315, 0, 0, 0, 0, 0, 0, 0, 0, 0, 0, 0, 0, 0,  0, 0, 0, 0, 0, 0, 0, 0, 0, 0, 0, 0, 0, 0, 0, 0, 0, 0, 0, 0, 0,  0, 0, 0, 0, 0, 0, 0, 0, 0, 0, 0, 0, 0, 0, 0, 0, 0, 0, 0, 0, 0,  0, 0, 0, 0, 0, 0, 0, 0, 0, 0, 0, 0, 0, 0), fps = NaN, nn = -1L,      np = 16777215L, tns = c(4.94065645841247e-324, -2.55375936222999e+260,      1.89853982831518e-302, 2.77448001762442e+180, 2.77448001762435e+180,      -5.59498433700996e+147, 2.77448002226191e+180, 9.52157095844336e-307,      NaN, 9.69818388345531e-315, 8.59408295340441e-312, 4.42078026359453e+262,      3.83571520234631e-317, 1.06559867695611e-255, NaN, 1.61222696269429e+265,      1.96545203121843e-236, NaN, -8.06113480567067e+264, NaN,      NaN, -1.61498223338249e+265, 3.0490992475822e-260, 4.96970897643206e-05,      -8.59262854639619e-174, 2.77612304595453e-309, NaN, 1.19975709357543e-239,      NaN, 2.48273507542443e-312, 1.49203090025089e-154, 1.93750095738563,      NaN, 2.77448001762442e+180, 2.12455197126703e+183, 2.77448002227387e+180,      2.77448001762435e+180, -5.59498599229502e+147, 2.77448002226191e+180,      NaN, 2.85248604762399e+180, 4.18067438221185e-178, 4.18067227798366e-178,      1.39175558431716e-308, -8.91495183652448e+303, 4.17096645312536e-178,      4.18067227798366e-178, 4.18067227798366e-178, 4.18067227798366e-178,      4.18067227798366e-178, 4.18067227798366e-178, 4.18067227798366e-178,      4.18067227798366e-178, 4.18067227798366e-178, 4.18067227798366e-178,      4.18067227798366e-178, NaN, -5.03402840210223e+226, 1.52919778322254e-308,      1.37212658114731, 4.42042907607952e+262, -1.55737420821002e-207,      NaN, NaN, NaN, NaN, NaN, NaN, NaN, NaN, 5.43230922486616e-312,      -1.56195941679882e+265, -1.61222696270492e+265, -7.73306341044709e+251,      -5.84776343607555e+303, NaN, NaN, 7.91504430029553e-312,      8.03981765280922e-310, 8.45528066232737e-307, -1.23388014765129e-178,      NaN, NaN, 8.47968557780977e-307, NaN, NaN, -7.8765730507338e-113,      7.29112201950335e-304, NaN, NaN), tps = c(4.1410356681522e+204,      4.1410356681522e+204, 4.1410356681522e+204, 4.1410356681522e+204,      4.1410356681522e+204, 4.1410356681522e+204, 4.1410356681522e+204,      4.1410356681522e+204, 4.1410356681522e+204, 4.1410356681522e+204,      4.1410356681522e+204, 6.50390098542566e-260, 4.18067227798365e-178,      4.22423521518803e-178, 4.18067227798366e-178, 4.18067227798366e-178,      4.18067227798366e-178, 4.18067227798366e-178, 4.18067227798366e-178,      4.18067227798366e-178, 4.18067227798366e-178, 4.18067227798366e-178,      4.18067227798366e-178, 4.18067227798366e-178, -4.69501287632937e+305,      NaN, 1.90480563601228e-302, 1.70605990862106e-24, 1.36726271708009e-303,      NaN, 1.31135294031044e-316, 4.42078165319997e+262, 2.08600470326015e-308,      1.49183316921107e-154, 3.07212406476949e-260, -1.06286090858195e+304,      NaN, -4.75062882326647e+226, 2.59836893805075e-259, 5.38996748158461e-239,      4.89963399708761e-301, 4.32971108145439e+262, 1.6730002780472e-260,      5.23974994328047e-304, NaN, NaN, 2.48273507542443e-312, 2.77593123095292e-309,      -5.48612406879369e+303, NaN, 2.64620155767049e-260, NaN,      NaN, 1.390671161567e-309, NaN, -3.1050354153852e+231, -8.88440718442491e+305,      3.75375841440235e+255, 7.28311175366577e-304, 2.52467545024877e-321,      NaN, 1.96568260790928e-236, 4.75059126689602e+48, 2.77448001764247e+180,      2.77448001762435e+180, -5.59498599229502e+147, NaN, NaN,      -8.92839799470733e+303, NaN))
result <- do.call(precrec:::calc_basic_measures,testlist)
str(result)