testlist <- list(fns = c(NaN, -5.48618160089082e+303, 4.8996339970906e-301,  4.32971108145439e+262, 1.6730002780472e-260, 5.23974994328047e-304,  NaN, NaN, 1.65476097487647e-316, 3.4149817440547e-319, -8.5937279395482e-174,  2.99947660303214e-241, -8.92839799462807e+303, 5.45352918278124e-311,  1.39069230316759e-309, 4.94065645841247e-324, -2.55375936222999e+260,  1.89853982831518e-302, 2.77448001762442e+180, 2.12611820998669e+180,  -5.59498433700996e+147, 2.77448002226191e+180, -3.93176527772621e+306,  NaN, 9.69818388345531e-315, 8.59408295340441e-312, 4.42078026359453e+262,  3.83571520234631e-317, 4.23618822167051e-314, NaN, 1.61222696269429e+265,  1.96545203121843e-236, NaN, 5.43226616068156e-312, 1.37500124357532e-316,  7.74859052312513e-304, 1.57579404199943e-310, 3.04949619649154e-260,  4.96970897643206e-05, -8.59262854639619e-174, 2.77612304595453e-309,  NaN, 4.42078326660126e+262, -3.56601203653894e+304, 2.9740338139262e+284,  NaN, 5.72952849324778e-05, 1.27941746534751e-307, -8.61148817406366e-174,  NaN, -3.73056436677971e+305), fps = c(NaN, NaN, 1.62597455578695e-260,  7.07573506018373e-304, 2.18007543402353e-106, -1.60283297535553e-180,  NaN, NaN, -3.57348121314116e+304, Inf, -7.88150293781121e-115,  -8.92851289260869e+303, 4.94065645841247e-324, -2.55375927978533e+260,  2.65491156031373e-260, 4.63484331950045e-299, 7.06330935903203e-304,  1.39069230316759e-309, 1.390671161567e-309, 7.07217475187929e-304,  -8.9285128927588e+303, -5.48880284031165e+303, NaN, NaN, 5.12242320951746e-319,  -3.57372912264388e+304, -4.66320545847463e+304, NaN, NaN, NaN,  NaN, NaN, NaN, NaN, -1.51460148334565e+304, NaN, NaN, NaN, NaN,  0), nn = 454761243L, np = 1701183487L, tns = NaN, tps = c(1.27276256062536e+161,  4.18067228058021e-178, 4.18067227798366e-178, 4.18067227798366e-178,  Inf, 4.18067227798366e-178, 4.18067227798366e-178, 4.18067227798366e-178,  4.18067227798366e-178, 4.18067227798366e-178, 4.18067227798366e-178,  4.18067227798366e-178, NaN, -5.03402840210223e+226, 1.52919778322254e-308,  1.37212658114731, 4.42042907607952e+262, -1.55737420821002e-207,  2.46006311446272e+260, 1.99925067631831e-306, -1.57011072721975e+265,  1.18660963800811e-303, -5.48612406879369e+303, 5.01318876430931e-304,  4.74988589646904e+48, 2.77448001764247e+180, 2.77428148034835e+180,  4.18067227798366e-178, -4.69526163440602e+305, NaN, 7.07306423819177e-304,  NaN, NaN, NaN, NaN, NaN, 2.64619388926819e-260, 1.39610347079212e-308,  NA, 7.29112201955619e-304, -8.91495161178974e+303, 4.24395932932518e-314,  NaN, NaN, NaN, NaN, NaN, NA, NaN, NaN, 6.30168343705752e-310,  -1.74173463922444e+308, -9.00061974006992e+303, NA, -6.32169306707714e+266,  -1.55737420935712e-207, 0))
result <- do.call(precrec:::calc_basic_measures,testlist)
str(result)