testlist <- list(fns = c(2.08600470326015e-308, 3.04942651391229e-260, 4.23602759648245e-314,  -1.028655587665e+304, NaN, -1.6028325695657e-180, 1.62621428029117e-260,  -5.48879760833634e+303, 1.390671161567e-309, 1.06559867694963e-255,  8.59167289962456e+251, 5.7277829601349e+250, NaN, NaN, -8.9285128927588e+303,  -4.69526163440602e+305, 7.29109420613317e-304, 2.78132110285393e-309,  2.30686929096069e-309, 1.1849853340866e-303, NaN, 2.8519055214468e+180,  2.77448001762435e+180, 2.72312037577605e+180, 2.77448001762435e+180,  2.77448001762435e+180, 1.18498491415844e-303, NaN, NaN, 1.15058391495633e-300,  1.62597454369523e-260, NaN, NaN, NaN, -2.55375927976384e+260,  NaN, NaN, 2.7744800222921e+180, 2.77448001762435e+180, 2.77448001762435e+180,  -7.88173141148051e-115, NaN, NaN, NaN, 2.7747839604391e+180,  2.77448001762435e+180, -1.60301940610309e-180, 2.73665255324236e+181,  2.77448001762437e+180, 2.77448001762435e+180, 2.77448001762435e+180,  2.77448001762435e+180, 1.74356877866088e-304, 2.77448001764247e+180,  2.77448001762435e+180, 2.77448001762435e+180, 1.70089456798936e+181,  -1.58180013031011e+265, -1.55737420853686e-207, 2.46006311446272e+260,  -1.56187720187019e+265, -5.48612408923078e+303, NaN, NaN, NaN,  NaN, NaN, 5.72778655186088e+250, NaN, NaN, -8.9285128927588e+303,  NaN, 2.30686929123004e-309, NaN, -5.47942873415782e+303, 5.9735014955875e-311,  -8.91717017382773e+303, -4.98510261247189e+306, NaN, 2.12199579047121e-314,  0, 0, 0, 0, 0, 0, 0, 0, 0, 0, 0, 0), fps = c(NaN, NaN, -7.73306341044684e+251,  NaN, 1.36726271708009e-303, NaN, 1.31135294031044e-316, 4.42078326027779e+262,  1.96545203121843e-236, 6.30168343758143e-310, 4.04947429846383e-240,  2.39803149271407e-258, 7.89850767039197e-178, 2.0924533037295e-110,  -1.60283297694684e-180, -1.60283242175483e-180, NaN, 2.99942269215018e-241,  NaN, 1.75738820099344e+159, NaN, 1.63891456038458e-319, 4.42078165198397e+262,  -5.54245675022857e+303, 2.19825873840722e-259, 7.02323364700244e-258,  4.88138029017975e-241, 3.15032567840944e-260, 2.64236223290946e-260,  NaN, 1.15058391217503e-300, 1.62597454369523e-260, NaN, -8.92851289260849e+303,  2.1982587328011e-259, 7.02323364700244e-258, 2.77448121256955e+180,  2.77448001762435e+180, -7.88173127022933e-115, NaN, NaN, NaN,  NaN, 1.66859662596637e-307, 7.56525111892448e-307, NaN, NaN,  NaN, NaN, NaN, NaN, NaN, NaN, NaN, NaN, NaN, 0), nn = 1L, np = 1068017665L,      tns = NaN, tps = c(2.0995755394517e-240, NaN, -3.08730563012536e+284,      -1.70447452905271e+289, -8.88409218965231e+305, 3.75375841440235e+255,      7.28311175366577e-304, 2.52467545024877e-321, NaN, 1.96568260790928e-236,      4.75059126689602e+48, 2.77448001764247e+180, 2.77448001762435e+180,      -5.59498599229502e+147, 2.77448002226191e+180, NaN, 2.85248604762399e+180,      2.77448001762435e+180, 7.28375223006903e-258, 2.85228542766442e+180,      -4.69526163440602e+305, 2.77478592362428e+180, 8.08575309100563e-174,      4.31857194057712e-178, 4.18067227798366e-178, 4.18067227798366e-178,      7.68400025787412e+170, 4.18067227798366e-178, 4.18067227798366e-178,      4.18067227798366e-178, 4.18067227798366e-178, 4.18067227798366e-178,      4.18067227798366e-178, 4.18067227798366e-178, 4.18067227798366e-178,      4.18067227798366e-178, 4.18067227798366e-178, 1.09840117999791e+179,      NaN, 1.49237232176877e-154, -Inf, 7.07239712283304e-304,      7.24720326084131e-308, 2.20008523607153e-309, 4.42042590880021e+262,      1.0323589112412e-255, 5.23974994328047e-304, NaN, 1.96258262151388e+243,      -5.84776343609129e+303, 2.09245330345845e-110, -1.6028325695657e-180,      NaN, NaN, NaN, NaN, NaN, NaN, 0))
result <- do.call(precrec:::calc_basic_measures,testlist)
str(result)