testlist <- list(fns = c(NaN, NaN, 2.64619389527809e-260, NaN, NaN, 5.43230922486616e-312,  NaN, 2.38915486105625e-299, NaN, -7.87650744897004e-113, 4.94065645841247e-324,  -2.55375927978533e+260, NaN, NaN, 9.96972699798802e-306, NaN,  NaN, 2.77448001764258e+180, 2.77448001762435e+180, 2.77448001762435e+180,  2.77448001762435e+180, -4.69526163440602e+305, -5.48728875569965e+303,  2.77448001762435e+180, 2.77448001762435e+180, 2.77448001762435e+180,  2.77462445857881e+180, 2.77448001762435e+180, -1.60283297695797e-180,  2.79626133174065e+180, 2.77448001762435e+180, 2.77448001762435e+180,  NaN, 4.77772642811944e-299, 2.77478395494551e+180, 2.77448001762435e+180,  7.15351996183438e-304, 2.05816060309409e+183, 2.77448001762435e+180 ), fps = c(3.23795802314978e-319, 1.86906204112533e-306, 9.69786009753431e-315,  4.63484352291924e-299, NaN, NaN, NaN), nn = -1L, np = 1919906559L,      tns = NaN, tps = c(NaN, NaN, 4.63484331950058e-299, 1.33113091907227e-105,      7.32819907444858e+223, 6.22623865398037e-109, 3.62473289151349e+228,      NaN, NaN, -7.87777146302777e-113, 4.94065645841247e-324,      -2.55375936222999e+260, 1.89853982831518e-302, 2.77448001762442e+180,      2.77448001762435e+180, -5.59498433700996e+147, 2.77448002226191e+180,      -3.93176527772621e+306, NaN, 9.69818388345531e-315, 8.59408295340441e-312,      4.42078026359453e+262, 3.83571520234631e-317, 2.48273507542443e-312,      2.77593123095292e-309, -5.48612406879369e+303, NaN, -4.67548539681314e-301,      NaN, -5.81686863965235e+303, NaN, NaN, 7.28311184873118e-304,      -8.92841873747627e+303, 1.13336226305121e+243, NaN, NaN,      NaN, 1.67300027805991e-260, 5.23974994328047e-304, NaN, 7.99561009601442e-317,      1.61203043230835e+265, NaN, NaN, 9.734698130969e-309, 1.39071219266874e-309,      1.90429444837397e-236, 2.6656452448735e-260, 4.97579795994295e-241,      3.07212406476949e-260, 7.49482368650052e-304, 8.81442566340239e-280,      NaN, -1.61468557258903e+265, 4.89963399708779e-301, 4.32971108145439e+262,      1.52766590501235e-307, NaN, NaN, NaN, NaN, 6.30168265995209e-310,      5.5442190383122e-308, -2.19444962751748e+304, 9.96972699049485e-306,      NaN, NaN, 4.23618822167051e-314, 2.85279195357714e+180, 2.77448001762435e+180,      2.72332021874044e+180, NaN, 2.48273507542443e-312, 2.77593123095292e-309,      -5.48612406879369e+303, NaN, 2.64620155767049e-260, NaN,      NaN, 1.390671161567e-309, 1.39067116124321e-309, 3.52000318355283e-314,      1.6260722346554e-260, NaN, 2.65497358563651e-260, NaN, NaN,      NaN, 1.99943746254296e-306, -1.57011072721975e+265, 2.65491156237207e-260,      5.0311708637639e+179, 6.30369555262187e-310, 6.50390098542566e-260,      4.96970897643206e-05, 7.07257260669754e-304, -1.23388014763348e-178,      2.77448001764156e+180))
result <- do.call(precrec:::calc_basic_measures,testlist)
str(result)