testlist <- list(fns = c(-5.61604448741502e+303, NaN, NaN, 0), fps = c(NaN,  -Inf, NaN, NaN, NaN, NaN, NaN, NaN, NaN, NaN, NaN, 4.7777264517508e-299,  3.10568819132073e+48, -8.92841873755519e+303, 1.13336226305121e+243,  NaN, NaN, NaN, 9.81960545657726e-315, 2.08600470326015e-308,  NaN, 5.22625347883415e-304, NaN, 1.08434813709099e-311, NaN,  NaN, 2.64619389527809e-260, NaN, NaN, 5.43230922486616e-312,  NaN, NaN, 2.31463845693411e-299, 2.84776050521198e-306, 6.99196285449931e+228,  NaN, NaN, 2.69442537536784e-309, 7.29119283077234e-304, -6.17188434463971e+303,  NaN, NaN, NaN, NaN, NaN, NaN, -5.68569254680261e+303, -Inf, NaN,  NaN, NaN, NaN, 1.37212658300993, NaN, NA, 7.47161722961618e-304,  NaN, -8.7777985100699e+304, 2.77478592362428e+180, NA, 2.77448001762435e+180,  2.77448001762435e+180, 2.77448001762435e+180, -5.59498433700996e+147,  2.77448002226191e+180, 2.77448001762435e+180, 2.77448001762435e+180,  -3.44179830982078e-85, 2.77448001762435e+180, 0), nn = 1057884682L,      np = -16777216L, tns = c(Inf, 4.18067227798366e-178, NaN,      NaN, NaN, NaN, 4.1812109659535e-178, 4.18067227798366e-178,      -7.87657241380634e-113, NaN, NaN, NaN, NaN, NaN, NaN, 1.15058391495633e-300,      1.62597454369523e-260, -Inf, NaN, NaN, -2.55375927976384e+260,      NaN, NaN, 2.77448001762442e+180, 2.77448001762435e+180, 2.77448001762435e+180,      2.77448001762435e+180, 7.15351996183438e-304, 2.05816060309409e+183,      2.77448001762435e+180, 2.77448001762435e+180, 2.77448001762435e+180,      2.77448058184683e+180, 2.77448001762435e+180, 2.75983466855779e+181,      2.77456510088262e+180, 2.77448001762435e+180, -4.69526163440602e+305,      7.29109420613317e-304, 3.28072121731668e-312, -1.60283297694683e-180,      4.5380594414916e+279, NaN, NaN, NaN, -5.03398787798454e+226,      NaN, 2.7744041232048e+180, -1.55737420935712e-207, 2.46006311446272e+260,      NaN, NaN, NaN, NaN, NaN, NaN, NaN, NaN, NaN, NaN, NaN, NaN,      NaN, 2.7438320424857e-260, NaN, 5.37798613734007e-310, 1.95237281405755e-308,      6.99196145213555e+228, NaN, 7.28311175366577e-304, 2.52467545024877e-321,      NaN, 1.96568260790928e-236, -5.48879781351155e+303, NaN,      NaN, NaN, -1.18500279885944e+306, 4.30335816381801e-82, NaN,      NaN, 2.97403381695557e+284, 6.50391019231968e-260, 2.30686929123004e-309,      4.62898754777597e-299, -5.47942873415782e+303, 2.05849407329502e+183,      2.77448001762435e+180, 2.77448001762435e+180, 1.20928304748492e-309,      2.77448001762442e+180, 1.17348458212128e+243, NaN, 0), tps = c(NaN,      NaN, NaN, NaN, NaN, NaN, NaN, NaN, NaN, NA, NaN, NaN, -1.62669590894445e-180,      -1.11319074675165e-229, NaN))
result <- do.call(precrec:::calc_basic_measures,testlist)
str(result)