testlist <- list(fns = c(NaN, 2.781342323134e-309, 2.30873142057021e-309,  -5.47960138939167e+303, NaN, 5.43230922486616e-312, 0, 0, 0,  0, 0, 0, 0, 0, 0, 0, 0, 0, 0, 0, 0, 0, 0, 0, 0, 0, 0, 0, 0, 0,  0, 0, 0, 0, 0, 0, 0, 0, 0, 0, 0, 0, 0, 0, 0, 0, 0, 0, 0, 0, 0,  0, 0, 0, 0, 0, 0, 0, 0, 0, 0, 0, 0, 0, 0, 0, 0, 0, 0), fps = c(-5.48612406879369e+303,  NaN, 2.64620155767049e-260, 2.0584940733103e+183, 2.77448001762435e+180,  -4.69526163440602e+305, -5.48728875569982e+303, 2.77448001762435e+180,  2.12455197126703e+183, 2.77448002227387e+180, 2.77448001762435e+180,  -5.59498599229502e+147, 2.77448002226191e+180, NaN, 2.85248604762399e+180,  4.18067438221185e-178, 4.18067227798366e-178, 4.18067227798366e-178,  1.27276256062536e+161, 4.18067228058021e-178, 4.18067227798366e-178,  4.18067227798366e-178, 4.18067227798366e-178, -5.48834586497496e+303,  3.29092311322261e-299, NaN, 4.7777264369749e-299, 4.18067227798378e-178,  4.18067227798366e-178, 4.18067227798366e-178, NaN, -5.03402840210223e+226,  1.52919778322254e-308, 1.37212658114731, 4.42042907607952e+262,  -1.55737420821002e-207, 2.46006311446272e+260, 1.99925067631831e-306,  -1.57011072721975e+265, -8.92851289263562e+303, 1.13336226305121e+243,  NaN, 5.43231247668766e-312, NaN, NaN, 2.64619389527809e-260,  2.85228797184027e+180, 2.77448001762435e+180, -6.85171090187894e-251,  2.05816060309409e+183, 2.77448001762435e+180, 2.85279195360568e+180,  2.77448001764251e+180, 2.77448001762435e+180, 1.74356878050437e-304,  2.77448001764247e+180, NaN, 2.77478472867904e+180, 4.1806722862033e-178,  4.18067227798366e-178, 4.18067227798366e-178, 6.07710622748118e+247,  4.1806722779938e-178, 4.18067227798366e-178, 4.18067227798366e-178,  5.60536509212405e-24, NaN, 2.72723151335484e-309, -2.68156158598849e+154,  -6.17188434541728e+303, 4.18067227798366e-178, 4.18067227798366e-178,  4.18067227798366e-178, NaN, 2.3147854186297e-299, -4.75062859885699e+226,  2.59836893805075e-259, 5.38996748158461e-239, 4.89963399708761e-301,  4.32971108145439e+262, 1.6730002780472e-260, 5.23974994328047e-304,  NaN, 1.96258262151388e+243, -5.84776343609129e+303, 2.09245330345845e-110,  -1.6028325695657e-180, -1.88274989884741e-183, 7.89803509923475e-178,  7.07217475241832e-304, 1.70545331905397e-307, -1.60283297693839e-180 ), nn = -1L, np = -1L, tns = 1.12946190801096e-110, tps = c(NaN,  NaN, NaN, NaN, 4.8996339971419e-301, 4.32971108145439e+262, NaN,  NaN, NaN, NaN, NaN, NaN, NaN, NaN, NaN, 2.81822437242284e-202,  NaN, NaN, NaN, NaN, NaN, 7.91504430029553e-312, 1.15703840377127e-306,  1.34355448308881e-309, NaN, NaN, 1.7801391656046e-306, 1.70605849754232e-24,  1.67751549488259e+243, 6.07317616445274e+250, 2.84776050558491e-306,  Inf, NaN, 1.36726271708005e-303, 2.77476876202831e+180, 1.15058395221541e-300,  NaN, -8.77779853769393e+305, 3.75375841440235e+255, 7.28311175366577e-304,  NaN, NaN, NaN, 1.96568260790928e-236, -8.92839799462807e+303,  5.45352918278124e-311, 1.39069230316759e-309, 2.0924543686698e-110,  -1.60283297694686e-180, 4.62898754777605e-299, NaN, NaN, 1.70605843566984e-24,  2.64620062029185e-260, NaN, NaN, NaN, NaN, NaN, NaN, NaN, NaN,  NaN, NaN, NaN, NaN, NaN, 9.734698130969e-309, Inf, 3.07212406476949e-260,  7.49482368650052e-304, NaN, 1.72720092568624e-260, 1.38545189118719e-309,  0))
result <- do.call(precrec:::calc_basic_measures,testlist)
str(result)