testlist <- list(fns = c(2.97403381695557e+284, NA, 2.30686929123004e-309,  4.62898754777597e-299, -5.47942873415782e+303, 2.05849407329502e+183,  2.77448001762435e+180, 2.77448001762435e+180, -Inf, 6.50391019231968e-260,  2.30686929123004e-309, 4.62898754777597e-299, -5.47942873415782e+303,  2.05849407329502e+183, NaN, 2.77448001762435e+180, 1.20928304748492e-309,  2.77448001762442e+180, 1.12030895774559e+243, NaN, NaN, 1.31135294031044e-316,  4.42078165319997e+262, NaN, 4.63540373515317e-299, Inf), fps = c(NaN,  NaN, NaN, NaN, NaN, NaN, NaN, 2.48273507542443e-312, 2.77593123095292e-309,  1.39121438452551e-308), nn = 168430335L, np = 235470858L, tns = c(NaN,  NA, NaN, NaN, 7.2911220195564e-304, 4.18060850433755e-178, 4.18067227798366e-178,  4.18067227798366e-178, 4.18067227798366e-178, 3.34854493392185e-111,  1.6120301576456e+265, 1.38194224044898e-303, NaN, NaN, NaN, NaN,  NaN, 4.77830972673648e-299, NaN, 9.69818388345531e-315, NaN,  5.43443118955272e-311, 2.68901428335498e-309, 4.04947429846383e-240,  NaN, NaN, NaN, NaN, NaN, NaN, 5.77662200276745e-275, 7.29456395783909e-304,  2.65491157133968e-260, 1.64079973053847e-306, NaN, 5.03117040000053e+179,  6.30369555262187e-310, 6.50390098542566e-260, NaN, 2.65491157133968e-260,  NaN, 9.96972699798802e-306, NaN, NaN, 0), tps = c(NaN, NaN, NaN,  NaN, NaN, NaN, NaN, NaN, NaN, NaN, 1.34723390772594e-309, NaN,  NaN, 1.03360661554448e-255, 2.64617831000886e-260, NaN, -5.48664203438062e+303,  -1.23810809978671e-178, 2.8114569019834e+180, 2.75523177341075e+180,  -7.88209779498127e-115, NaN, 3.52000319046975e-314, 1.62676692592773e-260,  4.77772634799315e-299, 2.77478395494551e+180, 2.77448001762435e+180,  7.15351996183438e-304, 2.05816060309409e+183, 2.77448001762435e+180,  3.2421225173481e+178, 2.77448001762435e+180, 2.77448001762435e+180,  1.72735821608024e-260, NaN, NaN, 2.02625134087691e-309, 0, 8.45528066232737e-307,  -1.23388014765129e-178, NaN, NaN, NaN, 2.64619388926819e-260,  1.39610347079212e-308, 5.24138069455538e-304, NaN, 1.62597454369523e-260,  6.50391055584832e-260, NaN, 1.390671161567e-309, 7.1535199618343e-304,  -Inf, 2.77448001762435e+180, 6.99196143925711e+228, 3.75375841440229e+255,  NaN, 1.99602520919864e-321, 1.99925067631831e-306, NaN, -7.87650270510167e-113,  4.94065645841247e-324, -2.55375927978533e+260, NaN, 5.12242320951746e-319,  1.60264412829729e+261, -4.66320545847463e+304, NaN, NaN, NaN,  NaN, NaN, NaN, NaN, -1.51460148334565e+304, NaN, 2.77448120487951e+180,  -8.61256773984037e-174, 2.77448120484069e+180, -Inf, 2.08445626243452e+183,  4.18121096040158e-178, 4.18067227798366e-178, 2.64780819542425e-260,  1.92045956128816e-125, 4.18067294270133e-178, 4.18067227798366e-178,  4.18067227798366e-178, 0))
result <- do.call(precrec:::calc_basic_measures,testlist)
str(result)