testlist <- list(fns = c(NA, 4.18067227798366e-178, 1.49237232176877e-154,  NaN, 7.07239712283304e-304, 7.24720326084131e-308, 8.59408295340441e-312,  4.42078026359453e+262, NaN, 1.78039452746576e-306, 1.70605849754232e-24,  1.67751549488259e+243, 2.87370878875031e-108, 1.33397724377137e-321,  -1.60283297491896e-180, -1.60269084778818e-180, 2.08790587428532e-110,  NA, NaN, NaN, 9.734698130969e-309, 3.18686126050979e-241, 3.07212406476949e-260,  2.77448001762433e+180, 5.76672044869202e-05, NaN, NaN, NaN, NaN,  NaN, NaN, NaN, NaN, 3.35706365318146e-314, 4.42119466679298e+262,  5.73630690098678e-312, NaN, 1.96545203121846e-236, 1.7801391656046e-306,  1.70605849754232e-24, 1.67751549488259e+243, 6.07317616445274e+250,  2.84776050558491e-306, 6.99196285449931e+228, NaN, 5.7363514342904e-312,  NaN, 1.99602520919864e-321, 4.42078165322117e+262, -3.56601203653894e+304,  1.0991587929433e-257, 3.18685571837643e-241, 2.64620155767049e-260,  NaN, NaN, 1.390671161567e-309, 0), fps = c(NA, NaN, 1.27663394602128e-152,  2.77448001762435e+180, NaN, 2.77447923421013e+180, 2.77612304251812e-309,  NaN, NaN, 2.77448001762435e+180, 2.77448001762435e+180, 2.77447948431817e+180,  4.65706316212092e-10, 1.30668681215211e-308, 2.77448001762435e+180,  NaN, NaN, Inf, 2.77478402257751e+180, -1.65055884094203e-180,  0), nn = 1040187392L, np = 239052968L, tns = c(7.28311184873118e-304,  1.7569891696678e-260, -5.81694712435626e+303, 2.77478472867904e+180,  2.77448001762435e+180, 1.20972773546504e-303, 2.77478394500732e+180,  NaN, -4.69526365661589e+305, 4.31857497697278e-178, 4.18067227798366e-178,  9.46766831984986e+250, 6.30168343705021e-310, 4.04947429846383e-240,  NaN, NaN, NaN, NaN, NaN, NaN, NaN, 7.2911220195564e-304, 7.47624814336424e-306,  9.61560583045991e-315, 2.84807145687927e-306, 3.18615277481267e-241,  4.18067227798364e-178, -1.85882791977951e+304, NaN, NaN, NaN,  NaN, NaN, NaN, NaN, 5.43230922486616e-312, -1.56195941679882e+265,  -1.61222696270492e+265, -7.73306341044709e+251, -5.84776343607555e+303,  2.77478395494551e+180, 2.77448001762435e+180, 7.28375223006903e-258,  2.85228542766442e+180, -4.69526163440602e+305, 2.77478592362428e+180,  2.77448001762442e+180, 2.77448001762435e+180, 1.20928304766073e-309,  2.77448001762442e+180, 8.59408295340441e-312, 4.42078026359453e+262,  NaN, NaN, NaN, NaN, 3.0918141793108e-314, 0, -5.48664203438017e+303,  -6.32169306707714e+266, 4.18067227798366e-178, 4.18067227798366e-178,  4.18067227798366e-178, 4.18067227798366e-178, 4.18067227798366e-178,  4.18067227798366e-178, 4.18067227798366e-178, NaN, 2.68901428625898e-309,  -1.74152465034201e+308, -9.00061974006992e+303, 4.15069264407871e-106,  2.20008523607153e-309, 4.42042590880021e+262, -8.9155714059841e+303,  6.07317706060098e+250, 2.84776050558491e-306, 1.82089515357151e-176,  4.18067227798366e-178, 7.68400025787412e+170, 4.18067227798366e-178,  4.18067227798366e-178, 4.18067227798366e-178, 4.18067227798366e-178,  4.18067227798366e-178, 4.18067227798366e-178, 4.18067227798366e-178,  4.18067227798366e-178), tps = -Inf)
result <- do.call(precrec:::calc_basic_measures,testlist)
str(result)