testlist <- list(fns = c(NaN, 4.42078165322117e+262, -3.56601203653894e+304,  2.65491156237214e-260, NaN, 7.99338767943289e-239, 2.09243554034082e-110,  -1.57613484510797e-180, 3.28068870835054e-312, -1.60283297694683e-180,  NaN, 5.50814852229257e-310, 7.24720326084131e-308, NA, NaN, Inf,  0), fps = c(2.77448001762435e+180, NaN, 2.77448001762435e+180,  2.77478394500732e+180, Inf, 3.35706365318146e-314, 4.42078164779294e+262,  NaN, NaN, NaN, NaN, 1.96568260789498e-236, -1.61222696541585e+265,  1.08675970031385e-311, 1.06559823235369e-255, NaN, 1.99602520919864e-321,  -8.5937279395482e-174, 4.42042590884424e+262, 1.15878736116014e+265,  2.08600470326015e-308, 1.49183316921107e-154, NaN, 3.15032567838715e-260,  NaN, NaN, NaN, NaN, NaN, NaN, 3.52000319046975e-314, 1.62676692592773e-260,  4.77772634799315e-299, 2.77478395494551e+180, 2.77448001762435e+180,  7.15351996183438e-304, 2.05816060309409e+183, 2.77448001762435e+180,  6.99196720456986e+228, 7.29112201955628e-304, 4.62957075743487e-299,  -5.79396238036016e+147, 2.77448002226191e+180, 2.77448001762435e+180,  2.77448001762435e+180, -3.44179830982078e-85, 2.77448001762435e+180,  -1.60301940610309e-180, 2.73827346149475e+181, 2.77448001762437e+180,  2.77448001762435e+180, NaN, 2.05849403767932e+183, 2.77448001762435e+180,  -8.61256773984037e-174, 2.77448120484069e+180, NaN, 7.58397980072071e-312,  NaN, NA, 6.86753181601328e-260, NaN, NaN, NaN, NaN, 1.86871437336513e-306,  6.86753181601328e-260, NaN, 5.77662200276745e-275, 0), nn = -16776959L,      np = 10L, tns = -1.55525777277875e+260, tps = c(7.47161722961618e-304,      NaN, -8.7777985100699e+304, 2.77478592362428e+180, 2.77448001762435e+180,      2.77448001762435e+180, 2.7744804040781e+180, 2.77448001762435e+180,      NaN, NaN, NaN, NaN, 5.41108980449993e-312, 1.37500124357532e-316,      -8.91495289934624e+303, 4.77247821760183e-299, -8.92851371009567e+303,      -1.92713022219753e+154, NaN, NaN, NaN, NaN, NaN, NaN, NaN,      -1.06293653832878e+304, NaN, NaN, NaN, 2.12199768768329e-314,      2.19825873280103e-259, NaN, NaN, -5.59498432520675e+147,      2.77448002226191e+180, 2.77448001762435e+180, -1.55737420836943e-207,      2.46006311446272e+260, 1.99925067631831e-306, -1.57011072721975e+265,      -9.11468751313423e+303, -1.02878220146675e+304, 2.64619389527809e-260,      NaN, NaN, 5.43230922486616e-312, NaN, 2.38915486105625e-299,      -7.88249043410252e-115, 2.09483833836689e-321, 9.96977588053154e-306,      4.74988589646919e+48, 2.77448001764247e+180, 2.77448001762435e+180,      -8.61149580748437e-174, 2.77448120484069e+180, -8.73508392609645e-201,      NaN, 2.48273507542443e-312, 2.20008523607153e-309, 4.42042590880021e+262,      9.81943150100402e-315, NaN, NaN, NaN, NaN, -8.77945262961424e+305,      -3.1050354153852e+231, NaN, NaN, 9.734698130969e-309, -4.69526163440602e+305,      3.78835258733903e-317, -2.11791156750681e-183, NaN, NaN,      5.72778594040394e+250, -2.46875583095716e+304, 1.12022642472949e+243,      NaN, -1.61222696270501e+265, 1.654583901749e-316, NaN, NaN,      4.63484331950058e-299, NaN, NaN, -5.48612408923109e+303,      NaN, 1.49237373877743e-154, 0))
result <- do.call(precrec:::calc_basic_measures,testlist)
str(result)