testlist <- list(fns = c(1.08446418475259e-311, 2.72723151335484e-309, -5.09112313584054e+306,  NaN, NaN, -8.6114958256769e-174, 5.72778655186088e+250, NaN,  NaN, 7.07220995324327e-304, 1.38197685928817e-303, NaN, -8.91557141696419e+303,  1.49996851362982e-307, NaN, 1.96258262151388e+243, -1.56184521858142e+265,  -8.92851289263562e+303, 1.13336226305121e+243, 1.36726271761563e-303,  -6.32169306707714e+266, 5.79759186389399e-05, NaN, 1.4685059671796e-309,  NaN, 3.78835258733903e-317, 6.50391055584794e-260, NaN, NaN,  NaN, 2.64776899276341e-260, 1.62597455578695e-260, 7.07573506018373e-304,  2.18007543402353e-106, -1.60283297535553e-180, 1.28151902640222e-314,  NaN, -3.57348121314116e+304, 3.24184304611848e+178, 2.77448001762435e+180,  2.77448001892259e+180, 4.62898755665526e-299, NaN, 5.24049395160942e-304,  0, 0, 0, 0, 0, 0, 0, 0, 0, 0, 0, 0, 0, 0, 0, 0, 0, 0, 0, 0, 0,  0, 0, 0, 0, 0, 0, 0, 0, 0, 0), fps = c(NaN, NaN, NaN, NaN, 2.12199579047121e-314,  NaN, 2.69442537536784e-309, 1.49183316921107e-154, 4.94065645841247e-324,  -2.55375936222999e+260, NA, 2.77448001762442e+180, 2.77448001762435e+180,  -5.59498433700996e+147, 2.77448002226191e+180, -3.93176527772621e+306,  7.29062984483124e-304, 1.37500124357532e-316, 7.74859052312513e-304,  NaN, NaN, 7.47161722961618e-304, NaN, -8.7777985100699e+304,  2.77448121256966e+180, 1.49183316921107e-154, 2.77448001762435e+180,  2.77448001762435e+180, 2.77448001762435e+180, 1.20928304748492e-309,  2.77448001762442e+180, 2.77448001762435e+180, 2.77448001762435e+180,  -1.65055884094203e-180, -1.61133881531148e-181, 2.77448001762942e+180,  2.77448001762435e+180, NaN, 0), nn = -27647L, np = 996344063L,      tns = c(1.16657952312901e-300, 1.06546859899261e-255, 1.62676692592774e-260,      NaN, 3.23795802314978e-319, 4.74990965679227e-303, 6.12981772934455e-308,      6.44243693415775e+250, 7.28311175366577e-304, NaN, 3.78835258733903e-317,      2.65491465489413e-260, 2.52345392745066e-259, 1.36726338457547e-303,      NaN, NaN, -7.86860817476478e-115, 2.09483833836689e-321,      5.45361176209855e-312, NaN, 2.7434506433558e-260, 5.72778655186088e+250,      -8.92851291303685e+303, 1.86906204114605e-306, NA, NaN, -8.7777985100699e+304,      3.35706365318146e-314, 1.96545202952414e-236, 1.38203787317108e-303,      NaN, NA, 1.49239508281761e-154, 7.11939846779723e-304, 2.05816060309409e+183,      2.77448001762435e+180, NaN, 4.62957075743487e-299, 5.91277796547218e-05,      1.20928304748492e-309, 2.77448001762442e+180, 2.77448001762435e+180,      2.77448001762435e+180, 2.77448001762435e+180, 2.77448001762435e+180,      2.75983466857684e+181, 2.77456510088262e+180, 2.77448001762435e+180,      -4.69526163440602e+305, 7.29109420613317e-304, 5.72779170848691e+250,      NaN, 1.62597615844316e-260, -1.06293603568039e+304, -Inf,      2.77448002203024e+180, -7.88150548280775e-115, 2.09483833836689e-321,      9.96972701072336e-306, 6.50389887760856e-260, NaN, 1.99602520919864e-321,      4.42078165322117e+262, NaN, NaN, NaN, -5.48880284031165e+303,      6.07186517943334e+250, -5.03398787750192e+226, 6.47754646293083e-319,      2.77430115603729e+180, NaN, NaN, 7.11467686668313e-300, 2.77612304564346e-309,      2.99942336120922e-241, -5.48746347491461e+303, -1.18428660272975e-182,      -1.60283297694686e-180, 2.77591001390913e-309, 7.2911220195564e-304,      1.72759794761401e-260, NaN, NaN, NaN, NaN, 2.93434219360312e-202,      NA, NaN, NaN, NaN, 1.390671161567e-309, NaN, 3.44442024326636e+178,      2.77448001762435e+180, 2.77448001762435e+180, 2.77448001762435e+180,      0), tps = numeric(0))
result <- do.call(precrec:::calc_basic_measures,testlist)
str(result)