testlist <- list(fns = c(NaN, 1.99602520919864e-321, 4.42078165322117e+262,  -3.56601203653894e+304, 2.65491156237214e-260, 5.0311708637639e+179,  3.18615333879607e-241, 2.09243554034082e-110, -1.57613484510797e-180,  3.28068870835054e-312, -1.60283297694683e-180, 2.77429949552732e+180,  2.77448001762435e+180, -5.59498433700996e+147, 2.77448002226191e+180,  2.77448001762435e+180, 2.77434546682468e+180, 2.77448001762435e+180,  2.77448001762435e+180, 1.74356877866088e-304, NaN, NaN, NaN,  NaN, NaN, 2.64619388926819e-260, 1.39610347079212e-308, 7.29289550555484e-304,  7.29112201955619e-304, -8.91495161178974e+303, 2.65491157171826e-260,  NaN, 5.43230922486616e-312, 2.77448001762435e+180, 2.77448001762435e+180,  2.77448001762435e+180, NaN, 2.12199579047121e-314, 0, 0, 0, 0,  0, 0, 0, 0, 0, 0, 0, 0, 0, 0, 0, 0, 0, 0, 0, 0, 0, 0, 0, 0, 0,  0, 0, 0, 0, 0, 0, 0, 0, 0, 0, 0, 0, 0, 0, 0, 0, 0, 0, 0, 0, 0 ), fps = c(NaN, NaN, NaN, NaN, 6.86753181601345e-260, NaN, NaN,  1.390671161567e-309, 3.75375840741043e+255, 2.48265218496878e-312,  -8.92851757292449e+303, 7.29112201955619e-304, 9.69786009753431e-315,  4.63484352291924e-299, NaN, NaN, NaN, 3.75375841440235e+255,  2.48265218496878e-312, 2.31478537871784e-299, 2.6552666706081e-260,  NaN, 9.734698130969e-309, -1.21276250612841e+229, 0.00781158372592472,  -1.9958252124048e-183, 2.77448001762942e+180, 2.77448001762435e+180,  NaN, 1.89597653440274e-302, 4.18067227798378e-178, 4.18067227798366e-178,  4.18067227798366e-178, 8.77663647994495e-318, NaN, NaN, NaN,  NaN, 7.29112201950335e-304, NaN, NaN, -3.32653112498216e-111,  7698728861728.75, 1.38528129193411e-309, 0, 0, 0, 2.77447923392645e+180,  NaN, 2.77448120790191e+180, 4.18067227801577e-178, 4.18067227798366e-178,  4.18067227798366e-178, 4.18067227798366e-178, 4.18067227798366e-178,  2.24681907226363e-315, 0, 0, NaN, NaN, NaN, NaN, NaN, NaN, NaN,  -1.55737421110899e-207, NaN, NaN, NaN, NaN, NaN, NaN, NaN, 4.7777264517508e-299,  4.17199226158943e-309), nn = 0L, np = 16777216L, tns = c(NA,  NaN, -7.88166945914559e-115, NaN, 1.15058391218628e-300, 1.62597454369523e-260,  NaN, NaN, NaN, -2.55375927976384e+260, NaN, NaN, 2.77448001762435e+180,  2.77448001762435e+180, 2.77448001762435e+180, 2.77448001762435e+180,  -1.70447452691717e+289, NaN, 1.31135294031044e-316, 7.74510662024994e-304,  2.46006536893906e+260, NaN, 2.38666903479003e-152, 6.99196432210262e+228,  NaN, NaN, NaN, 2.81822437242284e-202, NaN, NaN, 8.59408295340441e-312,  Inf, NaN, NaN, -Inf, NaN, 3.0918141793108e-314, 3.1405537706286e-312,  5.37798613262239e-310, 5.63199707980267e+94, NaN, 1.96568260790928e-236,  1.66529599129916e-260, NaN, NaN, NaN, -9.2166884355734e+305,  4.18067228620338e-178, 0), tps = NaN)
result <- do.call(precrec:::calc_basic_measures,testlist)
str(result)