testlist <- list(fns = 1.70605849754063e-24, fps = c(-8.09108503012899e+305,  6.35580179309913e-310, 4.62957075743487e-299, 0, NaN, 2.64816313012473e-260,  NaN, NaN, 7.2911220195564e-304, NaN, NaN, NaN, NaN, -8.77945262961424e+305,  NaN, -2.46875374605248e+304, NaN, NaN, 1.08638724368914e-311,  1.70605849754071e-24, 1.67751549488259e+243, 2.20008523607153e-309,  4.42042590880021e+262, 1.64957925800862e-260, NaN, NaN, NaN,  NaN, 2.46159478903886e-312, 4.82022913919581e-299, NaN, 4.96970897638973e-05,  -8.59262854639619e-174, 1.06559867695611e-255, -2.11791156747942e-183,  NaN, NaN, 1.78039325339793e-306, 1.33299454358e-135, 1.49166814624021e-154,  2.77612312528329e-309, 3.52000318355283e-314, 4.19858814339718e-240,  -9.27561503700914e-36, -5.8277199623155e+303, 7.30713597824392e-304,  1.78039452661613e-306, -5.65756043024711e+303, NaN, 2.77612304564346e-309,  NaN, NaN, NaN, 2.97403381695557e+284, 6.50391019231968e-260,  2.30686929123004e-309, 4.62898754777597e-299, -5.47942873415782e+303,  2.05849407329502e+183, 2.77448001762435e+180, 2.77448001762435e+180,  1.20928304748492e-309, 2.64792339352884e-260, 1.90666395468076e-236,  1.62597454369523e-260, NaN, -8.92851289260849e+303, 4.42078165320015e+262,  NaN, 4.63540373515317e-299, NaN, 4.42119467852348e+262, 2.18805910498007e-106,  NaN), nn = 0L, np = 234946560L, tns = c(Inf, NaN, NaN, 1.13336226305121e+243,  NaN, NaN, NaN, 0), tps = c(4.74990965679227e-303, 9.61529342781139e-315,  NaN, 1.58453597927218e-154, 3.07212406476949e-260, 7.29112200650825e-304,  5.6319970797543e+94, NaN, 1.96568260790928e-236, 1.66529599129916e-260,  NaN, NaN, NaN, -9.2166884355734e+305, NaN, 2.7744800222921e+180,  2.77448001762435e+180, 2.73952926393138e+180, 9.52157095844336e-307,  9.79032496295095e-307, 3.44439427840488e+178, 2.77448001761357e+180,  -8.28652730149473e-174, 1.92858516653456e-236, NaN, 7.91504430029553e-312,  2.77591001390913e-309, NaN, 8.08634922390439e-174, 4.06506054025357e-240,  8.59408295340441e-312, 4.42078026359453e+262, NaN, 4.04974661391218e-240,  NaN, -8.09022082053334e-174, -8.98846567431158e+307, NaN, 4.18067227801577e-178,  4.18067227798366e-178, 4.18067227798366e-178, 4.18067227798366e-178,  NaN, 7.29109420613317e-304, 1.03246646044074e-255, -1.55525777277875e+260,  4.33052190495841e+262, NaN, 1.99602520919864e-321, 4.42078165322117e+262,  NaN, NaN, 2.97403381695557e+284, 6.50391019231968e-260, 2.30686929123004e-309,  4.62898754777597e-299, -5.47942873415782e+303, 2.05849407329502e+183,  2.77448001762435e+180, 2.77448001762435e+180, 1.20928304748492e-309,  2.77448001762442e+180, 1.17348458212128e+243, NaN, NaN))
result <- do.call(precrec:::calc_basic_measures,testlist)
str(result)