testlist <- list(fns = c(2.09483833836689e-321, 9.96972701072336e-306, 6.50389887760856e-260,  -2.55375937139402e+260, 1.89853982831518e-302, 2.77448001762442e+180,  2.77448001762435e+180, -5.59498433700996e+147, 2.77448002226191e+180,  -3.93176527772621e+306, NaN, 4.04918244336828e-240, NaN, -8.09022082053334e-174,  -8.98846567431158e+307, 1.03255887224339e-255, NaN, 1.61222696269429e+265,  1.96545203121843e-236, NaN, -8.06113480567067e+264, 5.41390754135651e-312,  NaN, -1.61498223338249e+265, NaN, -5.48612645997005e+303, -3.64624371067718e+178,  NaN, NaN, -1.27733901626647e+294, NaN, NaN, NaN, NaN, NaN, 5.43230922486616e-312,  0, 0, 0, 0, 0, 0, 0, 0, 0, 0, 0, 0, 0, 0, 0, 0, 0, 0, 0, 0, 0,  0, 0, 0, 0, 0, 0, 0, 0, 0, 0, 0, 0, 0, 0, 0, 0, 0, 0, 0, 0, 0,  0, 0, 0, 0, 0, 0, 0, 0, 0, 0, 0, 0, 0, 0, 0, 0, 0, 0, 0, 0, 0 ), fps = c(NaN, 0, -5.48664203438017e+303, -6.32169306707714e+266,  NaN, 2.31478537871791e-299, 2.84776050521198e-306, NaN, NaN,  NaN, 6.35558959352582e-310, 2.65526667060514e-260, NaN, NA, 6.5039101681854e-260,  -5.81561426327837e+303, NaN, NaN, NaN, 4.7777264517508e-299,  -6.17188434463971e+303, NaN, NaN, NaN, NaN, NaN, NaN, NaN, NaN,  NaN, 2.781342323134e-309, NaN, 2.09483833836689e-321, 9.96972701072336e-306,  6.50389887760856e-260, NaN, NaN, 2.20008523607279e-309, 1.61203015764513e+265,  1.38194224044898e-303, NaN, -8.91557141696419e+303, 1.49996851362982e-307,  NaN, 1.96258262151388e+243, -1.56184521858142e+265, -5.48612410962484e+303,  NaN, NaN, NaN, NaN, NaN, NaN, NaN, -1.5573734684951e-207, 2.46159509259774e-312,  NaN, 7.07239712283304e-304, NaN, 2.77448001762442e+180, 1.92858516653452e-236,  2.30686929098209e-309, -3.99820316234823e+260, NaN, NaN, NaN,  NaN, NaN, NaN, -1.55737421110899e-207, -5.48612406879369e+303,  1.17138994923361e+94, NaN, 1.99943746254296e-306, -1.57011072721975e+265,  2.65491156237207e-260, 5.0311708637639e+179, 6.30369555262187e-310,  6.50390098542566e-260, 0), nn = -1L, np = -1L, tns = c(9.96972701072336e-306,  NaN, 2.77447972858725e+180, 2.74662072120242e+180, 2.77448001762435e+180,  -5.59498433700996e+147, 2.77448002226191e+180, 2.77448001762435e+180,  2.77447923698777e+180, 2.77448001762435e+180, 2.77448001762435e+180,  -1.60301940610309e-180, 2.73665255324236e+181, 2.77448001762437e+180,  2.77448001762435e+180, 2.77448001762435e+180, 2.08445626004463e+183,  2.77448001762435e+180, 7.15351996183438e-304, 2.05816060309409e+183,  2.77448001762435e+180, 2.77448001762435e+180, 2.77448001762435e+180,  2.77456509928246e+180, NaN, 1.86906204114605e-306, -5.8289597353127e+303,  NaN, NaN, NaN, NaN, 2.19825501124064e-259, NaN, -4.69526163440614e+305,  3.35706365318146e-314, 5.96185301611758e-169, 6.3014787008652e-310,  2.31478537871744e-299, 1.70605849754232e-24, NaN, NaN, NaN, NaN,  -1.55737421110899e-207, -5.48612406879369e+303), tps = c(NaN,  NaN, NaN, NaN, NaN, NaN, NaN, NaN, -2.32066841588765e-214, -2.27152484943355e-214,  -2.27152484943355e-214, -2.27152484943355e-214, NaN, NaN, NaN,  NaN, NaN, NaN, -3.32653112498216e-111, -4.57803120953003e+261,  -2.27152485236263e-214, NaN, 5.12242320951746e-319, -3.30649345215614e-115,  NaN, 1.30815585033134e+161, NaN, NaN, NaN, NaN, NaN, NaN, NaN,  NaN, NaN, 2.68254961343519e-299, NaN, 5.18689446110124e+179,  2.77448001762435e+180, 2.77448001762432e+180, NaN, 1.99602520919864e-321,  4.42078165322117e+262, -3.56601203653894e+304, 1.0991587929433e-257,  3.18685571837643e-241, 2.64620155767049e-260, -9.35534733298692e-97,  NaN, 1.86906086343838e-306, -5.8289597353127e+303, NaN, NaN,  NaN, -2.74306203439684e+304, 1.62676847051984e-260, 2.77448002226207e+180,  2.77448001762435e+180, 1.18498491415844e-303, 2.77478394500732e+180,  2.77448001762435e+180, -8.09108503023083e+305, 6.35580179309913e-310,  4.89963399708758e-301, 4.32971108145439e+262, 2.51377446484003e-312,  NaN, NaN, NaN, -8.91557140598426e+303, 6.07317706060098e+250,  NaN, NaN, NaN, 7.2911220195564e-304, NaN, NaN, NaN, NaN, 8.59408295340441e-312,  4.42078026359453e+262, NaN, NaN))
result <- do.call(precrec:::calc_basic_measures,testlist)
str(result)