testlist <- list(fns = c(6.35580179309913e-310, NaN, NaN, 7.07220965499967e-304,  2.77448120487951e+180, 2.77448001762435e+180, 1.20972773546504e-303,  2.77478394500732e+180, NaN, -4.69526365661589e+305, 2.77448001762435e+180,  -4.69526163440602e+305, -5.48728875569982e+303, 2.77448001762435e+180,  2.12455197126703e+183, -4.69526164227442e+305, 4.18067227798378e-178,  4.18067227798366e-178, NaN, NaN, NaN, NaN, NaN, NaN, NaN, NaN,  NaN, NaN, 3.90230489701916e+164, 4.18067294270133e-178, NaN,  2.09957553945388e-240, NaN, -2.55375936226551e+260, NaN, 1.62676693194355e-260,  -6.17054998730852e+303, 2.64816313012473e-260, 2.69399154576597e-24,  -1.0336045994127e-255, 4.27197407181196e+96, NaN, 2.08600470326022e-308,  6.30152757707047e-310, 4.04947429846383e-240, 2.39803149271407e-258,  1.78039452659544e-306, 1.70605849754232e-24, 1.67751549488259e+243,  7.29023565687457e-304, 2.77476876202831e+180, 1.15058395221541e-300,  NaN, -8.77779853769393e+305, 3.75375841440235e+255, 7.28311175366577e-304,  NaN, 2.77448001762435e+180, 2.77448001762435e+180, -5.59498433700996e+147,  2.77448002226191e+180, 2.77448001762435e+180, 2.77448001762435e+180,  2.77448001762435e+180, 2.80143152805948e+180, 4.62898755130838e-299,  NaN, NaN, 2.77447923392775e+180, -1.10252259409951e-229, -4.69526163440602e+305,  NaN, 1.390671161567e-309, 2.04739437643915e-314, 0, 0, 0, 0,  0), fps = c(NA, Inf, 2.77448001764247e+180, 2.09716415147432e+183,  NaN, -5.48612407813422e+303, 3.35706365318146e-314, 4.42078164779294e+262,  -5.48612406883063e+303, -9.25783436608935e+303, NaN, 2.64619389527809e-260,  NaN, 1.67300027805991e-260, 5.23974994328047e-304, NaN, -2.46875374605248e+304,  NaN, NaN, 2.68901428335501e-309, 1.70605849754063e-24, 1.67751549488259e+243,  8.59408295340441e-312, 4.42078026359453e+262, NaN, NaN, NaN,  NaN, NaN, NA, NaN, NaN, 6.68887130434693e-198, NaN, NaN, -3.5239775073142e+305,  NaN, NaN, 0), nn = 0L, np = -16711680L, tns = -Inf, tps = c(7.28311175366577e-304,  1.37237072177231, -8.61148853578654e-174, NaN, NaN, NaN, NaN,  NaN, NaN, NaN, NaN, NaN, NaN, 2.69442537536784e-309, -7.87657684580124e-113,  4.94065645841247e-324, 3.11063064549895e-260, NaN, 1.93759250640869,  NaN, NaN, NaN, NaN, NaN, NaN, NaN, NaN, NaN, NaN, NaN, 1.61222696269429e+265,  1.96545203121843e-236, NaN, -8.06113480567067e+264, NaN, NaN,  1.65718850259037e-24, 2.2000852360716e-309, 4.42042590880021e+262,  -8.9155714059841e+303, 6.07317706060098e+250, 2.84776124297844e-306,  NaN, 4.63484331950058e-299, NaN, NaN, -5.48612408923109e+303,  NaN, 1.49237373877743e-154, 1.15058395389508e-300, -5.48612406879369e+303,  NaN))
result <- do.call(precrec:::calc_basic_measures,testlist)
str(result)