testlist <- list(fns = c(NaN, 6.35580179309913e-310, 4.62957075743487e-299,  NaN, NaN, NaN, 7.11467686668313e-300, 6.91691904177745e-323,  0, 0, 0, 0, 0, 0, 0, 0, 0, 0, 0, 0, 0, 0, 0, 0, 0, 0, 0, 0, 0,  0, 0, 0, 0, 0, 0, 0, 0, 0, 0, 0, 0, 0, 0, 0, 0, 0, 0, 0, 0, 0,  0, 0, 0, 0, 0), fps = c(2.85279194617977e+180, 2.77448001762435e+180,  4.19332720816611e-240, -1.55737421011928e-207, 2.46006311446279e+260,  1.99925067631613e-306, 1.90429444837397e-236, 2.6656452448735e-260,  2.69738547900955e-260, 1.70545331906692e-307, -1.60283297693839e-180,  -1.60283297694686e-180, 2.09245330345845e-110, -1.6028325695657e-180,  -1.88274989884741e-183, 7.89803509923475e-178, 5.78533936509977e+250,  2.84776050558491e-306, 6.99196285449931e+228, 5.23960392816871e-304,  NaN, 1.96258262151388e+243, -5.84776343609129e+303, 1.54870436648712e+183,  -1.03057645314243e+304, 2.77448001762435e+180, 2.12455197126703e+183,  -5.48834586497501e+303, 3.29092311322261e-299, -5.29946982737783e-169,  NaN, NaN, NaN, NaN, NaN, -Inf, NaN, 1.16752867252769e-239, NaN,  1.6730011111416e-260, 1.18890331449182e-24, -8.92851289263562e+303,  1.13336226305121e+243, -5.48673119147556e+303, 2.65491156237214e-260,  5.0311708637639e+179, 7.74510972849071e-304, 1.390671161567e-309,  -5.6856925468023e+303, 3.7560955353877e-317, 1.7060599086441e-24,  2.69246910618568e-24, 2.99939362787839e-241, 2.70916062339607e-260,  3.00015735538739e-241, 1.72759795873424e-260, 2.77448002226207e+180,  2.77448001762435e+180, -8.61256773984037e-174, 2.77448120484069e+180,  NaN, 2.08445626243452e+183, 2.77448001762435e+180, -6.85171090187894e-251,  2.05816060309409e+183, 2.77448001762435e+180, 2.85279195360568e+180,  NaN, 4.18067227798366e-178, 4.18067227798366e-178, 4.18067227798366e-178,  9.58078237752505e-177, 4.18067227798366e-178, 4.18067227798366e-178,  -7.8765720833502e-113, 1.16709768377103e-312, -2.55375936222999e+260,  4.18067227708195e-178, 4.18067227798366e-178, 5.72778655186088e+250,  NaN, NaN, 2.30686929090752e-309, -2.61986881437822e+265, 4.77247821760183e-299,  2.76258201298558e-306, 3.18615277481267e-241, 0), nn = 255L,      np = 0L, tns = c(4.18067227798366e-178, Inf, 4.18067227798366e-178,      4.18067227798366e-178, -7.87650249218449e-113, 4.94065645841247e-324,      7.74859052312523e-304, 4.18067227798366e-178, NaN, NaN, 2.12199579047121e-314,      2.66564522201415e-260, NaN, 2.77448001762435e+180, -4.76600956816435e+260,      NaN, 4.19574726132422e-317, 4.42078133649772e+262, 7.24778695189262e-308,      2.69399337106748e-24, -1.0336045994127e-255, -7.87657684580121e-113,      -1.60283242175485e-180, -1.60283297694686e-180, 2.09243554033323e-110,      -1.57613484510797e-180, 3.28068870835054e-312, -1.60283297694683e-180,      2.09245330372844e-110, -8.92851289263562e+303, 1.13336226305121e+243,      -5.48673119147556e+303, Inf, 5.0311708637639e+179, 3.18615333892701e-241,      5.63199707980248e+94, 2.5670104522713e-239, 2.77448001764247e+180,      NaN, 1.15058395221543e-300, 1.72759795267609e-260, NaN, NaN,      NaN, NaN, NaN, NaN, NaN, 1.99602520919864e-321, 4.42078165324579e+262,      NaN, 4.52651613061141e+262, -3.56601203653894e+304, 6.50390098535614e-260,      4.96970897643206e-05, 1.78369117674806e-306, 4.18067227798366e-178     ), tps = c(4.18088149359175e-178, 4.18067227798366e-178,      4.18067227798366e-178, 4.18067227798366e-178, 4.18067227798366e-178,      NaN, 7.29109420613317e-304, 1.03246646044074e-255, -1.55525777277875e+260,      4.33052190495841e+262, 2.85228797280799e+180, 2.77448001762435e+180,      -6.85171090187894e-251, 2.05816060309409e+183, 6.07317706060078e+250,      2.84776124297844e-306, NaN, 7.07220965499967e-304, 5.23960594554794e-304,      NaN, -1.55525777277875e+260, -5.48753672257213e+303, -7.81432291709489e-113,      -8.92840123608942e+303, 2.40774781410642e-265, 1.89854093216055e-302,      2.77448001762442e+180, 2.77448001762435e+180, 1.74356878050437e-304,      2.77448001764247e+180, NaN, 2.77478472867904e+180, 2.77448001762435e+180,      1.20972773546504e-303, 2.77478394500732e+180, NaN, -4.69526365661589e+305,      4.31857497697278e-178, 4.18067227798366e-178, 4.18067227798366e-178,      4.18067227798366e-178, 4.18084244570711e-178, 4.18067227798366e-178,      4.18067227798366e-178, -6.05490389118404e+303, 4.62898754968814e-299,      -5.47942873415782e+303, 4.18067227798364e-178, NaN, NaN,      1.86906204114605e-306, 7.7467545655764e-304, 3.52000319046975e-314,      7.74510662024994e-304, 4.03403274751855e-308, -7.73305921300676e+251,      2.6222278152664e+260, 4.18084244571007e-178, 4.18067227798366e-178,      4.18067227798366e-178, 4.18067227798366e-178, 4.18067227798366e-178,      4.18067227798366e-178, 4.18067227798366e-178, 4.18067227798366e-178,      4.18067227798366e-178, 4.18067227798366e-178, -1.85882791977951e+304,      2.30686928637318e-309, 1.72443224034308e-307, 9.96972701072336e-306,      8.95000952221393e-154, NaN, NaN))
result <- do.call(precrec:::calc_basic_measures,testlist)
str(result)