testlist <- list(fns = c(4.18067227798366e-178, 4.18067227798366e-178, 4.18067227798366e-178,  -7.86761971075299e-115, 2.09483833836689e-321, 7.74510662027606e-304,  4.03403274751855e-308, NaN, -5.03402840210223e+226, 1.52919778322254e-308,  1.37212658114731, 4.42042907607952e+262, -1.55737420821002e-207,  2.46006311446272e+260, 1.99925067631831e-306, -1.57011072721975e+265,  -8.92851289263562e+303, 1.13336226305121e+243, -4.69526164227442e+305,  4.18067227798378e-178, 4.18067227798366e-178, 4.18067227798366e-178,  4.18067227798366e-178, 4.18067227798366e-178, 8.77663647994495e-318,  0, 0, NaN, NaN, Inf, NaN, NaN, NaN, NaN, -3.68667537422936e+306,  NaN, 3.24249267578125e-05, 5.37108644906936e-319, -8.5937279395482e-174,  NaN, NaN, 7.74752220519297e-304, NaN, NaN, 2.77448121256966e+180,  2.77448001762435e+180, 2.77448001762435e+180, 1.18498491415844e-303,  2.77478394500732e+180, 2.77448001762435e+180, 2.77448001762435e+180,  2.77448001762435e+180, 2.77448001762435e+180, -1.65055884094203e-180,  -1.31009813835198e-181, 2.77448001762942e+180, NaN), fps = c(NaN,  NaN, NaN, 1.31135294031044e-316, 4.42078326655544e+262, 5.7277865518161e+250,  NaN, 2.08600470326015e-308, 6.30152757707047e-310, 4.04947429846383e-240,  2.39803149271407e-258, 1.78039452659544e-306, 1.70605849754232e-24,  1.67751549488259e+243, 7.29023565687457e-304, 2.77476876202831e+180,  1.15058395221541e-300, NaN, -8.77779853769393e+305, 3.75375841440235e+255,  7.28311175366577e-304, NaN, NaN, NaN, 1.96568260790928e-236,  -8.92839799462807e+303, 5.45352918278124e-311, -Inf, 1.70545331906692e-307,  -1.60283297693839e-180, -1.60283297694686e-180, -Inf, -1.6028325695657e-180,  4.94065645841247e-324, 2.48273507542443e-312, 4.62898754779185e-299,  NaN, NaN, NaN, NaN, 2.48273507542443e-312, 4.62898754779185e-299,  NaN, NaN, -5.03398787798454e+226, 0.00781158372592472, NaN, -Inf,  NaN, -7.88166945914559e-115, 8.02021329267663e-178, 2.30686928642524e-309,  -8.91495161178974e+303, 0), nn = 1701143909L, np = 1701143909L,      tns = c(2.77448001762435e+180, 2.77448001762435e+180, 1.20928304748492e-309,      -Inf, 2.77448001762435e+180, 2.77448001762435e+180, 2.77448001762435e+180,      2.77448001762435e+180, 1.3355896763698e-308, -Inf, 2.77448001762435e+180,      2.77448001762435e+180, 2.77448001762435e+180, 7.15351996183438e-304,      2.05816060309409e+183, 2.77448001762435e+180, 2.77448001762435e+180,      2.77448001762435e+180, 2.77448034997458e+180, -1.60283333889759e-180,      -1.60283297694686e-180, 2.09245330372844e-110, -1.60283297535553e-180,      -1.56644791232535e-180, 1.12946190801096e-110, 2.77436083346853e+180,      NaN, 2.85248604762399e+180, 4.18067438221185e-178, 0), tps = numeric(0))
result <- do.call(precrec:::calc_basic_measures,testlist)
str(result)