testlist <- list(fns = c(3.18615277481267e-241, -5.54245393940059e+303, 3.35706365318146e-314,  4.42078164779294e+262, 1.96545203121843e-236, 6.30168343758143e-310,  4.04947429846383e-240, 2.39803149271407e-258, 7.89850767039197e-178,  2.0924533037295e-110, -1.60283297694684e-180, -1.60283242175483e-180,  1.02276118727087e-259, -5.48664203438017e+303, -1.23810809978671e-178,  NaN, 1.66529748113951e-260, NaN, 1.71619941503265e+159, 2.77448121256966e+180,  2.77448001762435e+180, 1.27663394602128e-152, 2.77448001762435e+180,  NaN, 2.77447923421013e+180, 2.77448001762435e+180, 2.48273507466357e-312,  -4.67006579196427e+306, 2.65491217506535e-260, 2.64619389527809e-260,  2.77434467845921e+180, 5.50814852228496e-310, 2.1236153960966e-263,  2.7744800176243e+180, NaN, -1.61222696270501e+265, -1.56691823566266e-180,  6.30168271500158e-310, 5.5442190383122e-308, -2.19444962751748e+304,  3.56169453758725e-318, 0, 0, 0, 0, 0, 0, 0, 0, 0, 0), fps = 3.18686126050979e-241,      nn = -1L, np = 7667711L, tns = c(NaN, NaN, -5.48612408923109e+303,      1.72759795267618e-260, NaN, NaN, NaN, -5.03398787798454e+226,      0.00781158372592472, NaN, -Inf, NaN, NaN, NaN, 8.59408295340441e-312,      4.42078026359453e+262, NaN, NaN, NaN, NaN, NaN, NaN, NaN,      NaN, 6.68887130434693e-198, NaN, NaN, -Inf, NaN, 5.7295257079204e-05,      1.27941746534751e-307, -8.61148817406366e-174, -6.32170288803235e+266,      NaN, NaN, -Inf, 6.5039101681854e-260, 5.01265072750182e-304,      3.24249267578125e-05, 5.37108644906936e-319, -8.5937279395482e-174,      NaN, NaN, 7.74752220519297e-304, NaN, NaN, 1.22277239555445e-99,      NaN, 9.96977590158603e-306, -1.70447452905271e+289, 8.59167547694419e+251,      NaN, NaN, 6.46316915263685e-319, NaN, NaN, 1.72721655354628e-260,      2.77448002226207e+180, NaN, NaN, 1.52921638287053e-308, 2.64619380446692e-260,      3.75375841440235e+255, NaN, 5.63204175188249e+94, 2.77462445857888e+180,      -4.34404248162453e-114, -7.87657488260563e-113, 1.96568260789498e-236,      1.37500124357532e-316, 1.18480871613292e-303, 2.78132109993895e-309,      2.77448120487951e+180, NaN, NaN, 2.48273507542443e-312, 4.62898754779185e-299,      NaN, NaN, -5.03398787798454e+226, 0), tps = c(NaN, NaN, NaN,      NaN, NaN, NaN, 4.27197407184182e+96, NaN, 6.35580179309913e-310,      4.62957075743487e-299, NaN, NaN, NaN, 1.18660963800451e-303,      NaN, 1.99602520919864e-321, 4.42078165324579e+262, NA, 4.52651613061141e+262,      -3.56601203653894e+304, 6.50390098535614e-260, 4.96970897643206e-05,      1.78369117674806e-306, 1.49183316921106e-154, 1.97899131158733e-308,      NaN, 9.69818388345531e-315, 1.08434813709099e-311, NaN, NaN,      2.64619389527809e-260, NaN, NaN, 5.43230922486616e-312, NaN,      2.38915486105625e-299, 7.74510789791687e-304, 1.90469336644498e-236,      2.77614335380628e-309, 1.94693970940805e-308, NaN, -1.57613484511975e-180,      9.47131046658061e-306, Inf, 1.390671161567e-309, 1.06559867694963e-255,      NaN, NaN, NaN, NaN, NaN, NaN, NaN, NaN, NaN, NaN, NaN, NaN,      3.52000319046975e-314, 1.62676692592773e-260, 4.77772634799315e-299,      2.77478395494551e+180, 2.77448001762435e+180, 7.15351996183438e-304,      2.05816060309409e+183, 2.77448001762435e+180, 6.99196720456986e+228,      3.75375841440229e+255, NaN, NaN, 1.99925067631831e-306, -5.48612406879369e+303,      -5.48879783314748e+303, NaN, 1.99925067916844e-306, -1.57011072721975e+265,      -1.18500279885385e+306, 6.40588678766729e-145, NaN, NaN,      2.31478537871791e-299, 2.84776050521198e-306, 6.99196285449931e+228,      2.74383143678669e-260, NaN, 0))
result <- do.call(precrec:::calc_basic_measures,testlist)
str(result)