testlist <- list(lims = structure(c(5.22851419824833e+54, 5.22851419824833e+54,  5.22851419824832e+54, 11221623142613502, 5.4323092248711e-312,  1.25986739689518e-321, 3.7857650187859e-270, 1.2136247081529e+132,  1.21362473459146e+132, 1.3526653906378e-309, 7.29290188850921e-304,  1.49524954802865e-305, 2.84809454421509e-306, 1.42370095722409e-306,  1.17660794583423e-259, 2.7318309052952e-136, 4.14103566813818e+204,  8.18699815813666e-227, 2.9204094392907e-308, 5.26007177383414e-304,  3.18685572952822e-241, 5.97544896924236e-311, 2.7811289582316e-309,  3.07803562231494e+203, 4.14103474915347e+204, 6.95102161249024e-310,  2.3429188027732e-260, 0, 7.28400178326727e-304, 1.2136247081529e+132,  1.2136247081533e+132, 6.2302034086269e-307, 7.06238442690186e-304,  1.390671161567e-309, 1.17798027776033e-309, 1.58489740538004e-154,  0, 7.76237949097601e-317, 1.41050802888006e+248, 1.40713348221164e+248,  7.06327098019176e-304, 4.42682818673757e-320, 0, 0, 0, 0, 1.82332623757737e-315,  1.2136247081529e+132, 1.21362450441741e+132), .Dim = c(7L, 7L )), points = structure(c(3.90265547215616e-82, 0, 3.23785921002061e-319,  5.60315756234921e-275, 5.64379474071224e+230, 1.17553705967878e-306,  4.1410356681522e+204, 4.16439661619419e+204, 4.14103566813703e+204,  2.12196429675068e-314, 1.74376813701133e-260, 6.95380743511275e-308,  5.89400651541004e+202, 6.76211225956031e-231, 8.62261292881018e-308,  4.1410356681522e+204, 4.14080040471847e+204, 1.92973446726696e-236,  4.08627897772367e+204, 1.38717744132372e-309, 3.78576501878583e-270,  2.57951673693715e-319, 1.2136247081529e+132, 1.21357258441601e+132,  33.6313725214379, 4.14102278898913e+204, 5.41108903668733e-312,  3.24249267577309e-05, 3.38723865801572e-308, 4.12975088244001e+170,  1.4526128441103e+135, 2.39844110096982e-191, 1.21362446658493e+132,  11221623142613502, 5.4323092248711e-312, 4.97806177825352e-268,  11039105299251106, 6.67451319174709e-307, 1.21362473459146e+132,  1.3526653906378e-309, 7.29290188850921e-304, 1.35264507619519e-309,  7.29144883231952e-304, 1.42370095722409e-306, 1.17660794583423e-259,  2.73183022352545e-136, 5.97544896924236e-311, 2.7811289582316e-309,  3.07801258829941e+203, 4.94065645841247e-324, 5.4323092248711e-312,  1.65786929007415e-315, 0, 7.28400178326727e-304, 1.2136247081529e+132,  1.21362470815329e+132, 127136.062500003, 1.66249545040616e-260,  8.52313362519548e-254, 7.59068349340629e-270, 5.29616875656236e-312,  5.0122219910917e-241, 7.81911558906679e-148), .Dim = c(9L, 7L )))
result <- do.call(palm:::pbc_distances,testlist)
str(result)