testlist <- list(lims = structure(c(2.99939362779126e-241, 7.74681692763085e-304,  1.42706989274477e+48, 9.89035795830424e-310, 7.04202500109671e-304,  7.9525400677467e-289, 1.39069238120112e-309, 0, 0, 4.99771041816788e-310,  2.40320607196198e-265, 1.11251146533646e-308, 4.17690162132925e-317,  1.45586474426929e+231, 1.41533544799364e-304, 7.2911220195564e-304,  0, 1.98716920650741e-314, 4.06538081902991e+251, 2.29614649534052e+251,  7.29290186135083e-304, 1.13326801580482e-317, 0, 0, 0, 0, 4.66771517269406e-313,  1.2136247081529e+132, 1.21357255186807e+132, 5.99268671692132e-256,  5.07528100251426e-116, 1.66880538562373e-308, 1.42706989372259e+48,  7.74503705953032e-304, 5.77661649417403e-275, 4.1017167018253e-80,  1.12511543231448e+224, 7.29290186135083e-304, 3.23751336406852e-319,  1.08646181336588e-311, 1.2136247081529e+132, 1.2136247081529e+132,  1.21362470814995e+132, 17407.8432006836, 1.48442074367256e-279,  9.77815660441338e-309, 1.21357027332055e+132, 1.40511723163273e-149,  1.21362470814921e+132, 4.48309464028709e-120, 9.77579636319873e-150,  7.06327445644526e-304, 2.20228378249927e-317, 0, 8.28892254204663e-317,  5.01161473856116e-304, 6.95380743511174e-308, 4.1410356681522e+204,  4.14103566816846e+204, 4.14103566426808e+204, 5.43222859973114e-312,  4.50853569909696e-303, 3.41295570834967e-111, 7.59009671320457e-270,  1.75431282751735e-130, 2.70403722871984e-82, 4.1410356681522e+204,  4.08080822911786e+204, 7.76632035447192e-306, 7.29290186293902e-304,  1.52248954139693e-309, 0, 4.12250674271452e-315, 3.6890180129248e+19,  2.28595202431777e-283, 25362116920242274304, 5.95750279334833e+228,  2261634.50980883, 4.14103566762604e+204, 5.76816016489039e-275,  2.05226840064919e-289, 0, 8.26830271231745e-317, 5.69707231693531e-304,  9.88131291682493e-323, 8.7612580257513e-308, 7.06327381809608e-304,  9.94361736153313e-316, 9.73486788674806e-309, 4.04657055662022e-302,  2.73694552770761e-231, 5.95750278984877e+228, 5.95750278987369e+228,  1.74037714128194e-315, 4.94065645841247e-324, 4.94065645841247e-324,  4.94065645841247e-324, 1.390671161567e-309, 7.6384285321472e+223,  11222156868139010), .Dim = c(10L, 10L)), points = structure(c(9.9775216291876e-313,  27597764530107584512, 7.81981645079075e-148, 4.36588755230186e+262,  7.2911220195564e-304, 8.62726246366681e-308, 7.60243169796437e-270,  3.15519113629412e-305, 9.9772721715399e-313, 2.61607745992111e-300,  5.60524377568637e-228, 1.2136247081529e+132, 1.213624708151e+132,  1.21362451499431e+132, 1.39556023983777e-308, 3.18758514256742e-241,  7.74503705953032e-304, 5.77661649417188e-275, 8.66493298058413e-275,  1.19968939107301e+132), .Dim = 4:5))
result <- do.call(palm:::pbc_distances,testlist)
str(result)