testlist <- list(lims = structure(c(2.92013874687158e-308, 1.34732843400334e-236,  1.46984000500298e-305, 1.21362470908983e+132, 1.93625932596963e-304,  2.5267528519516e-284, 4.14089453821308e+204, 4.13773860240706e+204,  1.38523879339101e-309, 7.2910852894769e-304, 2.32462851249881e+231,  7.28489170410639e-304, 8.30356144048655e-193, 3.96366134673662e-82,  7.81911558911457e-148, 3.21760312718813e-05, 7.105428284156e-15,  8.55382096169889e-150, 1.2136247081529e+132, 1.21338969920948e+132,  4.08080816413412e+204, 3.69481907122873e-310, 0, 1.39065052153118e-309,  1.81938312781988e-112, 4.1410356681522e+204, 4.1410356681522e+204,  6.12268468603199e+202, 7.28489170410639e-304, 2.39844097891463e-191,  0, 3.23785921002061e-319, 5.60315889096331e-275, 5.56268464634895e-309,  7.62592113861733e-315, 1.66880538559135e-308, 1.38538731239714e-309,  3.658724309788e+19, 1.7800590868058e-307, 1.35264599167843e-309,  3.90311860214585e-322, 4.99771041816788e-310, 2.40320607196198e-265,  1.11251146533646e-308, 0, 7.7468169284863e-304, 3.16202013338398e-320,  2.71615465466334e-312, 8.61881282832146e-258, 5.95750278984877e+228,  7.28400178999977e-304, 1.26480805335359e-321, 8.63336002104452e-308,  4.1410356681522e+204), .Dim = c(6L, 9L)), points = structure(c(2.7813424060156e-309,  3.66747441369799e-270, 1.38931308426078e-309, 6.98265668836362e-251,  5.18726697224224e-222, 3.026099259998e-306, 5.26121522054487e-312,  7.44574248811588e-148, 5.95789173076424e+228, 7.04903334545137e-304,  1.72723206392682e-77, 3.66763482176872e-82, 0, 1.05536172739478e-312,  2.78112890221578e-309, 25364273099940302848, 2.00549645984876e-260,  1.6744045040291e-260, 7.29023211218711e-304, 6.51741166616821e-311,  1.66880327188461e-308, 6.47604944402393e-318, 2.32784594862616e-308,  4.1410356681522e+204, 4.1410356681522e+204, 4.14130835989899e+204,  4.07587091446691e+204, 1.35266538767089e-309, 4.00682348597817e-305,  2.11668561243496e-314, 5.7681849339011e-275, 7.28489170410888e-304,  7.23416012877861e-304, 5.48670968234963e+303, 0, 3.61529905093949e-304,  2.80935341317184e-306, 7.60736316727747e-311, 1.1125369292536e-308,  1.90130822870488e-310, 0, 6.66667666960831e-316, 7.06327098013871e-304,  5.9491608271315e-312, 1.21362470815606e+132, 1.22632462267342e+132,  4.20165055695807e+130, 5.99268671692132e-256, 5.07528100251354e-116,  3.78576501430434e-270, 17243.993504902, 4.1410356681522e+204,  4.14103566815227e+204, 6.60009334778348e+202, 9.11480124284449e-316,  1.74376813701133e-260, 6.95380743511275e-308, 5.89400651541004e+202,  6.76211225956031e-231, 8.62261259000732e-308, 1.66880327188461e-308,  6.47604944402393e-318, 2.45604593888842e-308, 1.21356299106535e+132,  1.2136247081529e+132, 1.2135631083135e+132, 1.21362470815288e+132,  6.08710401500671e-307, 1.45349999773975e+135, 4.64628339229307e-120,  4.79323420573112e+173, 1.39048026483627e-309, 1.39048026451375e-309,  1.66845528076456e-308, 4.94065645841247e-324, 5.4323092248711e-312,  7.29023546672863e-304, 3.21760308171339e-05, 4.48309713031201e-120,  1.25986739689518e-321, 0), .Dim = c(9L, 9L)))
result <- do.call(palm:::pbc_distances,testlist)
str(result)