testlist <- list(lims = structure(c(8.40198827275355e-286, 7.29027023877472e-304,  4.14102278898913e+204, 5.41108894321011e-312, 1.11251147359298e-308,  2.12158212040958, 8.21491790095636e-227, 5.95750278984877e+228,  5.9575027961836e+228, 7.07219232619538e-304, 4.10490640372769e+204,  4.14103566795568e+204, 9.10545742538589e-259, 1.42706998364266e+48,  3.2944980771588e-82, 1.21362470815288e+132, 3.2944980771588e-82,  1.21362470815288e+132, 1.04277390836384e-309, 6.08710400975584e-307,  2.55424553708132e-310, 7.60242495019018e-270, 4.86355836033999e+173,  4.42078165322112e+262, 5.00932013116453e-304, 1.6622401523904e-260,  2.82233729120923e-312, 5.01161473856116e-304, 6.95380743511174e-308,  4.1410356681522e+204, 4.14103566816846e+204, 4.14103566426808e+204,  5.43222859973114e-312, 4.50853569909696e-303, 3.41295570834967e-111,  7.59009671320457e-270, 1.75431282751781e-130, 1.94748497082291e-308,  3.78576699573368e-270, 0, 0, 0, 0, 0, 0, 0, 5.43164610119136e-312,  2.39844110096982e-191, 1.2136247081529e+132, 1.21362470815289e+132,  2.15221254243864e+71, 0, 2.57673577705519e-230, 2.90870801362551e+306,  1.94748497082291e-308, 3.78575247699747e-270, 7.29290188850906e-304,  1.52298517174611e-309, 1.96568260790928e-236, 4.94065645841247e-324,  4.94065645841247e-324, 4.94065645841247e-324, 4.94065645841247e-324,  1.4692597594182e-314, 5.22851419827841e+54, 1.28854306816018e-231,  1.45350484721573e+135, 0, 5.76442869688554e-241, 5.94657411334524e-320,  5.01110263395724e-304, 5.6052556858115e-228, 4.42078165322117e+262,  4.42056403583825e+262, 3.604663545991e+19, 2.17292369007443e-311,  1.26480805335359e-321, 5.94480436444696e-311, 1.27323003098549e-313,  127136.089456953, 2.09675031574127e-231, 1.74356874130052e-304,  5.22851419824833e+54, 1.03156782195509e+58, 5.22851419824833e+54,  5.22851419824833e+54, 5.22851419824833e+54, 5.3577011202045e+54,  1.25317762445294e+169, 8.89318162514244e-322, 5.22851419575064e+54,  5.22851419824833e+54, 9.39103090723215e+57, 7.13994115804995e-260,  5.95773213716995e+228, 2261634.83137255, 4.14100118532134e+204,  6.98265501035719e-251, 5.43230922486616e-312, 5.4323092248711e-312 ), .Dim = c(10L, 10L)), points = structure(c(1.09590467256966e-193,  5.95750278984877e+228, 1.86454378732193e+230, 2261635.12941176,  6.05707166420865e+228, 7.29112201276187e-304, -6.17155507248636e+303,  5.13547848552265e-312, 4.94065645841247e-324, 6.83542689333412e-304,  1.6259745421851e-260, 1.78388675173214e+127, 1.78388675173214e+127,  1.78388675172873e+127), .Dim = c(7L, 2L)))
result <- do.call(palm:::pbc_distances,testlist)
str(result)