testlist <- list(lims = structure(c(4.14103566456237e+204, 1.64855773041813e-304,  7.59270949160376e+202, 0, 2.22508064889373e-307, 2.00000000001046,  5.69623079791308e-304, 9.99198362149337e-320, 4.37994019839936e-311,  1.25317752283045e+169, 5.95773213716995e+228, 2261634.50981338,  5.95750430914922e+228, 7.82018362344253e-148, 1.49787938150909e-314,  5.18661002330278e+54, 5.22851419827841e+54, 8.441549720388e-227,  5.95750278984877e+228, 2261634.50980392, 13849427.3254902, 1.45350484977583e+135,  8.48798316386109e-314, 4.94065645841247e-324, 0, 6.51748457738219e-310,  2.28595200237418e-283, 25362654620495646720, 4.69579932844539e-304,  4.87540890119256e+178, 7.29290188850906e-304, 6.76527740371992e-251,  1.664425453682e-308, 1.25317752283045e+169, 5.95750278984877e+228,  3.00801564284379e+231, 5.81132348243843e-241, 4.1049064037361e+204,  3.296986837395e+204, 5.45404195016559e-304, 8.61881282832146e-258,  6.01621570407008e+228, 2261634.51222426, 5.95789173076424e+228,  4.85628393676726e+173, 4.1410356681522e+204, 9.94645927689538e-203,  1.21362449037299e+132, 7.06327098013871e-304, 5.9491608271315e-312,  4.29763802588726e+130, 4.94065645841247e-324, 4.94065645841247e-324,  4.94065645841247e-324, 4.94065645841247e-324, 7.06327380456815e-304,  4.94065645841247e-324, 2.00604628389942e-314, 4.94065645841247e-324,  1.37980654311726e-309, 5.01264638844502e-304, 5.43229399366715e-312,  16289.9925231934, 5.23709584591721e-322, 5.70184090824716e+206,  5.22851419493301e+54, 5.22851419824833e+54, 5.36373439303061e+54,  5.43164610119136e-312, 2.39844110096982e-191), .Dim = c(10L,  7L)), points = structure(c(NA, 1.7565805777393e+156, 1.7565805777393e+156,  1.7565805777393e+156, 1.75658057773936e+156, 3.67115700297781e-270,  1.42575829028035e+248, 6.72613815917412e+197, 4.94065645841247e-324,  4.94065645841247e-324, 5.30499074222123e-315, NaN, 0, 4.45570682066822e-313,  4.14080040447622e+204, 2.84427019323635e-306, 1.08519627907386e-274,  0, 1.11253676345636e-308, 1.52298517174611e-309, -Inf, 0, 0,  6.953355807835e-310, 0, 0, 0, 0, 0, 1.2136247081529e+132, 1.75057688201046e+180,  7.19640892010821e-304, 1.45358875294554e+135, 1.39450360819653e-308,  0, 1.39050140190511e-309, 1.21362446658764e+132, -1.29137487966904e-231,  NA, 5.60315729851344e-275, 1.64225081237383e-260, 4.1410356681522e+204,  4.14103566815227e+204, 4.14103566813703e+204, 2.12196429675068e-314,  1.74348911284179e-260, 3.21761473283111e-05, 1.42706989270239e+48,  4.1410356681522e+204, 4.14103567231315e+204), .Dim = c(5L, 10L )))
result <- do.call(palm:::pbc_distances,testlist)
str(result)