testlist <- list(lims = structure(c(2.55403421287108e-310, 1.2136247081529e+132,  2.24359645895275e+130, 1.26480805335359e-321, 7.06950242247437e-304,  6.84610724785496e-304, 8.38061804669445e+52, 4.77246075467447e-299,  5.63622752888985e-315, 1.5224104226357e-317, 5.01110263395724e-304,  5.55725227806252e-309, 3.21790575981137e-05, 4.72744037142062e-286,  3.63844641870006e-228, 0, 0, 1.74069966733554e-315, 4.94065645841247e-324,  4.94065645841247e-324, 3.13593346728356e-319, 3.63844641874009e-228,  7.2911220195564e-304, 1.391265055139e-308, 5.7566448935794e-246,  8.15208315638057e-322, 1.21362470814925e+132, 4.94065645841247e-324,  2.61820207700652e-319, 4.66839074012854e-312, 4.94065645841247e-324,  4.94065645841247e-324, 1.60635563432364e-319, 2.8480945494992e-306,  4.94065645841247e-324, 2.84809454420522e-306, 2.05226840064919e-289,  0, 1.3526653874837e-309, 3.99289503909185e-305, 5.01175635886265e-304,  6.23020350146402e-307, 4.7926303642211e+173, 1.25160403731691e-308,  7.74503705953322e-304, 3.78576501878583e-270, 2.57951673693715e-319,  1.2136247081529e+132, 1.20027269923715e+132, 3.66792345557863e-270,  4.99772368064157e-310, 5.4323092248711e-312, 5.94582391723863e-311,  3.23790861658519e-318), .Dim = c(6L, 9L)), points = structure(c(1.35264441643589e-309,  1.45367744859121e+135, 4.94065645841247e-324, 4.94065645841247e-324,  4.94065645841247e-324, 1.25986739689518e-321, 2.60750760227138e-310,  4.94065645841247e-324, 5.13547848552265e-312, 3.23790861658519e-319,  1.35264441643589e-309, 5.22010994426927e-312, 1.26480805335359e-321,  8.63336002104446e-308, 1.39079479304311e-320, 1.06416781937315e-255,  1.35264441643589e-309, 5.89400770183056e+202, 1.06559766079976e-255,  1.19015939150757e-237, 3.23751336406852e-319, 9.07769883969783e-317,  1.21362470720927e+132, 1.35458963638602e-306, 1.06704114410251e-303,  10845438781537594, 7.0632738085625e-304, 5.22851419824833e+54,  5.07966037759536e-304, 5.22851420630808e+54, 3.23751336406852e-319,  5.9491608271315e-312, 1.2136247081529e+132, 1.2136314764261e+132,  4.5580204765525e-305, 1.39052261952653e-309, 5.99269177824315e-256,  2.33415975356108e-313, 1.08557976515849e-311, 4.14103566813818e+204,  9.10545496448591e-259, 4.77246075467461e-299, 0, NA, 2.39844110096982e-191,  0, 0, 0, 0, 0, 1.77764819373681e-320, 2.41889038998885e-231,  1.31061383603133e-309, 1.74356874130052e-304, 5.22851419824845e+54,  0, 0, 5.85109098662996e-317, 2.03080638806833e+53, 1.35264441643589e-309,  1.25986739689518e-321, 3.7857650187859e-270, 1.2136247081529e+132,  1.21362473459146e+132, 1.04302376482015e-309, 7.29290188848584e-304,  9.44712713187745e-79, 2.55424553708132e-310, 7.60242495019018e-270,  4.86355836033999e+173, 4.42078165322112e+262, 5.00932013118354e-304,  0, 3.99309355058247e-305, 1.21363147642241e+132, 0, 0, 0, 0,  0), .Dim = c(8L, 10L)))
result <- do.call(palm:::pbc_distances,testlist)
str(result)