testlist <- list(lims = structure(c(5.76816016489039e-275, 7.29112201956469e-304,  6.78712775684487e-80, 2.09675031392975e-231, 3.88224279819438e+230,  5.89422313685481e+202, 3.4766779039175e-310, 1.40984708605622e+135,  3.18758514287482e-241, 1.1125369201759e-308, 1.00789391751614e-321,  1.64107999588014e-239, 1.21357255186807e+132, 8.00041636661716e-317,  Inf, 11039105299251106, 6.67451211233919e-307, 7.29290188850921e-304,  1.35264507619641e-309, 5.30408221668856e-312, 7.29290188850906e-304,  1.52298522505605e-309, 1.69050053400587e-314, 1.2136247081529e+132,  9.22217906471935e-240, 1.39079479304311e-320, 1.06416781937316e-255,  5.81132347987332e-241, 3.95116044004019e+233, 4.08080820150963e+204,  18012154358468704256, 2.59153104786494e-310, 5.22851419824833e+54,  3.63800116809347e-228, 1.25542034707734e+58, 1.39050140190511e-309,  1.2136247081529e+132, 1.2136247081529e+132, 2.26795715766536e+130,  4.02329808204364e-270, 1.06255969244718e-308, 8.09855644878281e-254,  7.1686917865218e-80, 3.00009679497817e-241, 5.72877010213113e-275,  4.08080816413412e+204, -Inf, 8.62222484805468e-308, 2.04810661307508e-314,  1.57079844088151e-47, 46116860184273879040, 0, 1.35266538767089e-309,  3.99289538711226e-305), .Dim = c(9L, 6L)), points = structure(c(Inf,  32.5019607843137, 32.5019607843137, 32.5019607843137, 33.9921875,  4.94065645841247e-324, 4.94065645841247e-324, 4.94065645841247e-324,  3.23790861658519e-319, 3.06765679246306e-312, 1.66839796242743e-308,  4.00093296497656e+171, 1.64446517524374e-304, 5.41108926696144e-312,  1.35354270747846e-306, 10845438781537594, 7.0632738085625e-304,  5.22851419827882e+54, 5.22851419824833e+54, 5.22851419824833e+54,  5.22851419824833e+54, 5.22851419824844e+54, 2.73694552770761e-231,  1.29317102607652e+228, 1.49787938150909e-314, 5.18661002330278e+54,  5.22851419827841e+54, 8.441549720388e-227, 5.95750278984877e+228,  2261634.50980392, 13849427.3254902, 1.45350484977583e+135, 8.48798316386109e-314,  Inf, 5.43230922486616e-312, 1.390671161567e-309, 1.39066121667476e-309,  5.83176411159201e-257, 1.02148636364362e-309, 5.7759482242405e-275,  4.13773860240706e+204, 1.38523876946053e-309, 3.78022324376798e-270,  5.69623068841478e-304, 1.82504539737921e-139, 5.95750278984877e+228,  5.95791794922459e+228, 2.13967237851723e-260, 2.78479356438686e-80,  4.14102278898913e+204, 5.41108903668733e-312, 3.24249267577309e-05,  3.38723866058535e-308, 1.21362470721117e+132, 3.38723866058535e-308,  38159415754711105536, 2.92013874687158e-308, 1.34732843400334e-236,  1.46984000500298e-305, 1.2136247081529e+132, 2.2181365075706e+130,  1.94713273078965e-308, 2.85574323019495e-306, -0.124019607843137 ), .Dim = c(8L, 8L)))
result <- do.call(palm:::pbc_distances,testlist)
str(result)