testlist <- list(lims = structure(c(6.37553854757764e-270, 9.7348678906309e-309,  1.21362470736421e+132, 4.94065645841247e-324, 4.94065645841247e-324,  4.94065645841247e-324, 4.94065645841247e-324, 4.94065645841247e-324,  3.48015598764363e-312, 2.40392466158536e-212, 1.38523883680017e-309,  5.43230910932396e-312, 1.2136247081529e+132, 1.2136247081529e+132,  1.20096586666064e+132, 2.32724681817061e-319, 7.15206826686292e-80,  1.39556023983777e-308, 3.18758514287482e-241, 7.16746457061051e-299,  1.2136247081529e+132, 1.2136247081529e+132, 1.2136244665849e+132,  8.33447875423959e-316, 2.71712984670746e-260, 5.56268464626804e-309,  5.99268671692132e-256, 1.35264499764044e-309, 5.65830852679606e-241,  2.05966022610664, 4.94065645841247e-324, 4.94065645841247e-324,  4.94065645841247e-324, 4.94065645841247e-324, 2.11370572515532e-314,  2.71712984670743e-260, 3.12511342963964e-319, 9.68352139840352e-305,  9.79248920942687e-305, 0, 0, 0, 5.26007176797593e-304, 1.21362470814954e+132,  8.21491790095636e-227, 5.95750278984882e+228, 2261634.50980392,  2302241.12941176, 3.45451092249009e-260, 1.2136247081529e+132,  1.21362473459146e+132, 1.35264598876558e-309, 7.29290188850921e-304,  1.35264507619519e-309, 7.29176170823745e-304, 6.84610724785496e-304,  6.79834328677555e-318, 4.94065645841247e-324, 1.49470639775036e-305,  4.94065645841247e-324, 7.2911220195564e-304, 1.086501217943e-310,  2.11979401261193e-314, 3.00166334446976e+305, 7.2911220195564e-304,  1.39830821635617e-308, 2.9864435792103e-299, 0, 0, 0, 4.99771041816788e-310,  2.40320607196198e-265, 1.45350484989265e+135, 7.063273804621e-304,  7.28489170410639e-304, 2.39866135632107e-191, 1.10245412062567e-309,  1.21362470814979e+132, 17408, 4.41383385630881e-312, 4.79263566970016e+173 ), .Dim = c(9L, 9L)), points = structure(c(1.1125369201759e-308,  1.21362446659523e+132, 1.11251146533646e-308, 6.08710401854446e-307,  2.93051397418204e+133, 8.99818431562805e-240, 5.48670968227229e+303,  1.52298517174611e-309, 1.2136247081529e+132, 1.21616770236554e+132,  11223496897935362, 7.29144883857254e-304, 1.70479660643948e-77,  4.14103566456237e+204, 1.64855773041815e-304, 0, 7.89145051442264e-270,  8.61820495642952e-258, 0, 1.45367675544445e+135, 1.24163114000612e-77,  7.29112201955663e-304, 6.06378060847353e+228, 7.09454157300087e-304,  6.05707166420865e+228, 6.83542341665601e-304, 7.28311521681595e-304,  6.98350417231162e-251, 5.60525372017014e-228, 5.95791793757777e+228,  1.93771063764049, 5.95789173076424e+228, 4.79323420573112e+173,  1.39048026483627e-309, 5.92371678657401e-304, 2.9864435792103e-299,  1.65786929007415e-315, 2.78112953876996e-309, 1.35411032969678e-256,  9.9775216291876e-313, 27597764530107584512, 7.8191155891149e-148 ), .Dim = 7:6))
result <- do.call(palm:::pbc_distances,testlist)
str(result)