testlist <- list(lims = structure(c(3.99289538711226e-305, 4.14103566815015e+204,  4.24414538782693e-313, 5.70184217604387e+206, 3.23785921002061e-319,  5.60315729851344e-275, 6.82300709906349e-140, 7.6384285321472e+223,  11223496897935362, 7.29144883857254e-304, 1.70479660643948e-77,  4.14103566456237e+204, 36929516944438591488, 2.97887543319273e-317,  5.59610794507945e-275, 0, 0, 0, 1.39064994421326e-309, 7.74503705953322e-304,  3.7857650187859e-270, 1.20039268569843e+132, 4.94065645841247e-324,  4.94065645841247e-324, 4.94065645841247e-324, 4.94065645841247e-324,  2.24192168113382e-319, 9.45643425202198e-79, 1.93670428644467e-304,  9.15240660481861e-315, 2.41880775422113e-231, 1.74356851382237e-304,  0, 1.61035410759544e-317, 1.44131670198938e-83, 7.30643551760841e-309,  3.99289608061664e-305, 5.22851419824833e+54, 5.22851419824833e+54,  5.22851420594936e+54, 2.48102369095414e-265, 7.28400178320917e-304,  0, 0, 0, 0, 0, 0, 0, 8.28803421201541e-317, 1.52298517174611e-309,  1.2136247081529e+132, 1.2136247081529e+132, 4.20164885836436e+130,  7.60295182180141e-270, 11258998363783168, 2.04810661307508e-314,  1.57079844088151e-47, 36929516944438067200, 0, 1.12126408509491e-308,  7.81911558911457e-148, 3.21761473282697e-05, 5.15610815403558e-312,  1.35411032969678e-256, 9.97669588655249e-313, 4.37993786266005e-311,  7.29239000319407e-304, 0, 7.44182498148504e-148, 0, 2.12198061623303e-314,  3.641092202079e-304, 2.33046254602531e-306, 8.81849124805428e-308,  5.22902572382139e+54, 5.22851419824833e+54, 5.22851419824833e+54,  5.22851419824833e+54, 5.22851616948432e+54, 1.82504539737921e-139,  5.95750279332843e+228, 1.25542034707734e+58, 2.94861552261475e-305,  9.3988789839554e+57, 2.45120375243003e-212, 5.78790446752455e-275,  1.21362450624826e+132, 4.94065645841247e-324, 4.94065645841247e-324 ), .Dim = 10:9), points = structure(c(1.20195298933273e+132,  1.66391844583047e-308, 9.73486026471114e-309, 1.32879384686912e-309,  7.38345854688571e+140, 4.4802167598849e-299, 4.09502685079066e-304,  1.15842975662396e-306, 1.20195298933273e+132, 1.39830821767523e-308,  2.9204094392907e-308, 0, 1.25986739689518e-321, 5.91511181779692e-304,  9.44712713187745e-79, 2.55418167591426e-310, 27597764465889636352,  5.01110019023139e-304, 1.62597454520954e-260, 1.55682714571951e+46,  6.84610660930954e-304, 3.40517540870215e-260, 3.07803562231494e+203,  4.14103474915347e+204, 6.95102161249024e-310, 2.34317614834619e-260,  5.22851419824833e+54, 5.22851626150032e+54, 6.2302035014128e-307,  0, 1.08650121808208e-310, 2.78112953876996e-309, 1.35411032969678e-256,  9.9772721715399e-313, 2.61607745835255e-300, 7.29238861855285e-304,  9.7757963698874e-150, 5.01110263395724e-304, 5.60524619160562e-228,  4.4802167598849e-299, 4.09502685079066e-304, 1.17553705967878e-306,  4.14103566456237e+204, 5.45406612937374e-304, 2.9204094392907e-308,  5.26007177383414e-304, 3.18685572952822e-241, 5.97544896924236e-311,  2.7811289582316e-309, 3.07803562231494e+203, 4.14103474915347e+204,  6.95102161249024e-310, NA, 7.2911220195564e-304, 3.29444691108296e-82,  2.69156984300327e-231, 5.98203987546265e+46, 0, 0, 5.41100637654039e-312,  0, 5.41117248120795e-312, 8.28904605845809e-317, 7.02130918395596e-317,  4.90246901813892e-116, 0, 0, 2.57673577705519e-230, 2.90870801362551e+306,  1.94748497082291e-308, 3.78576699573368e-270, 5.2845504139546e-308,  0, 0, 0, 1.03753785626662e-322, 9.48024566513399e-305, 1.21362470815289e+132,  2.15222101244831e+71, 7.29289621174884e-304, 8.92602966753506e-312,  1.21362473459146e+132, 1.35264598876558e-309, 7.29290188850906e-304,  3.23785921002061e-319, 8.25581102158651e+269, 1.9522358127459e-312,  4.69579933409069e-304, 8.76231477246467e-308, 4.10125280796818e-304,  5.72877010610662e-275, 4.1410356681522e+204, 4.14080040471846e+204,  2.09675031221579e-231, 6.91831740024503e-82, 5.26007177383414e-304,  3.18685572952822e-241, 5.97544896924236e-311, 2.7811289582316e-309,  3.07803562231492e+203), .Dim = c(10L, 10L)))
result <- do.call(palm:::pbc_distances,testlist)
str(result)