testlist <- list(lims = structure(c(4.5580204765525e-305, 1.39052261952653e-309,  5.99269177832067e-256, 1.3181201254486e-309, 5.82833713021365e+303,  1.90435477042067e-236, 4.14103566456236e+204, 4.62919716751665e-299,  1.08637872608238e-311, 131072, 8.28803421201541e-317, 1.52248954139693e-309,  0, 1.99986157770872e-289, 9.86508358988262e-308, 25364273099940302848,  2.00576598828803e-260, 4.53801546776667e+279, 0, 0, 0, 4.96278728245477e-310,  1.21535738609399e+132, 2.94861552261472e-305, 1.03156813296264e+58,  5.22851419824833e+54, 1.91561942610893e+53, 8.64026562990004e-307,  5.69623079786023e-304, 1.390671161567e-309, 8.60069476280442e-320,  2.05226840064919e-289, 2.42092166462211e-322, 35530093728779689984,  1.11487358358302e-313, 11257383825116160, 9.9772721715399e-313,  2.61607736539479e-300, 1.49497255545488e-305, 5.86314421212591e-317,  6.76512608618611e-80, 1.08519682997546e-274, 2.22463927376921e-307,  2.55418167591426e-310, 27597764465889636352, 1.2136247081529e+132,  3.89737194181478e-315, 1.8022401461589e-260, 0.109374761581421,  2.00000000001046, 5.69707908079689e-304, 7.62592113861733e-315,  NA, 0, 0, 0, 0, 1.12994146721555e-309, 3.03288874973567e-294,  1.6444651752569e-304, 7.29072062091072e-304, 1.42963190129482e+248,  2.32210853545386e-322, 1.30458708931702e-284, 1.42706989274475e+48,  4.42078165322117e+262, 4.42078080315327e+262, 11257383825110528,  -Inf, 1.39067116189079e-309, 0, 1.38536617208959e-309, 0, 8.60069476280442e-320,  2.05226840339672e-289, 5.76816016489039e-275, 7.29112201956469e-304,  6.74704048955443e-80, 11257383825115650, 7.29290188850906e-304,  1.52298517174611e-309, 1.21362470896152e+132, 2.93051397418204e+133,  9.22311709861226e-240, -Inf, 1.67440444953772e-260, 1.38521763239434e-309,  0, 1.38540999429009e-309, 1.8250453973719e-139, -Inf, 1.95223612642324e-312,  2.98691758221423e-299, 4.84275095147129e+173, 4.94065645841247e-324,  4.94065645841247e-324, 4.94065645841247e-324, 4.94065645841247e-324,  4.94065645841247e-324, 8.28904605845809e-317), .Dim = c(10L,  10L)), points = structure(c(NaN, 2.00877667922349e-139, 2.00877667922349e-139,  2.00877667922349e-139, NaN, 7.20461468419336e+252, 3.92396456853994e+179,  4.18696189193764e+175, 2.35569228911972e+251, 2.00877667922349e-139,  2.00877667922349e-139, 2.00877667922349e-139, 2.00877667922349e-139,  2.00877668462126e-139, 4.94065645841247e-324, 4.94065645841247e-324,  4.94065645841247e-324, 2.07878120487704e-319, 1.79807223510948e+125,  3.78576699573368e-270, 4.94065645841247e-324, 4.94065645841247e-324,  4.94065645841247e-324, 7.06327380456815e-304, 1.26480805335359e-321,  0, 4.94660802946209e+173, NA, -Inf, 2.46690882910157e-308, Inf,  7.24805197759448e+306, 2.47670611417738, 1.67325847784834e-77,  7.59749078936811e-270, 3.21761473283111e-05), .Dim = c(6L, 6L )))
result <- do.call(palm:::pbc_distances,testlist)
str(result)