testlist <- list(x1 = c(9.68478879186271e-311, 2.54831753685515e+83, 8.77780046926637e+127,  -1.12026446513695e-182, 1.39098954479748e-309, 8.64516353565323e-223,  -1.98635718226178e+50, 6.75632573674997e-51, -5.1865666971854e+62,  -4.88996245939678e+274, 3.72097435258862e-294, 3.72105796528982e-294,  3.7209743448696e-294, 1.48838973794784e-293, 3.7209743448696e-294,  3.7209743448696e-294, 3.7209743448696e-294, 3.7209743448696e-294,  3.7209743448696e-294, 3.7209743448696e-294, 3.72097434487031e-294 ), x2 = c(5.45310976789405e+262, 1.66051494958817e+145, -2311157824929200,  -1.65138113965555e-258, 3.98022034093708e+211, -3.27974985988198e-167,  2.85018872605018e-306, 3.7209743448696e-294, 3.7209743448696e-294,  3.7209743448696e-294, 3.7209743448696e-294, 3.7209743448696e-294,  3.7209743448696e-294, 3.72097719132364e-294, 3.7209743448696e-294,  -1.51777785421558e+294, 6.42471016406186e+178, -1.12374998625063e+178,  3.79938493275372e+139, 5.67776060687816e-299, 3.72097434486976e-294,  3.7209743448696e-294, 3.7209743448696e-294, -2.00883643914315e-231,  7971585796228321280, 1.35943000701112e-309, -8.98845221210725e+54,  4.70164636461758e-236, -3.91812512944719e-118, 1.79938675264204e+292,  4.75948641429668e+33, -8.64264343799105e-154, 8.17309232317749e+64,  1.54866295606729e-43, -9.10604693927061e-156, 3.85675610715675e-118,  7.11114069944806e+86, -9.86739033090056e-111, 4.97058730614644e-278,  -5.08128449746226e-134), y1 = c(3.72097434491072e-294, 3.7209743448696e-294,  3.7209743448696e-294, 1.4894047698516e-265, -3.43409648196813e+133,  5.9807730243728e-304, 2.11674847011037e+113, Inf, -1.91217407267791e-233,  -1.0619287129814e-169, -1.65743114365756e+204, -3.34990240019994e-139,  -2.3172284693687e-207, -5.3935500944013e+287, NA, 2.87670192215352e-206,  NA, 1.28857296973125e-140, -5.48184892339424e+99, 3.10322716693752e+271,  -2.07228061595333e-262, -5.72158735095264e+238, -3.55711782282671e+102,  5.18357304732396e-26, -6.57411288810377e+258, 4.96916277252788e-206,  -1.07596915093721e-215, -5.4108007198301e+225, 4.16110115464812e-130,  8.30706628899785e+190, -3.08663257515101e-215, -2.446523027409e+220,  5.5259771311631e-120, 1.0119326531038e+197, 3.7209743448696e-294,  -0.000531912975563881, -Inf, -4.23234878461041e+264, 2.3049515556358e-194,  0), y2 = c(-7.6014710986499e+86, -8.94600044699846e+176, 9.53037890188074e+73,  -16019534509.1734, -7.21090999069831e+67, -9.18705091929937e-241,  0, 0, 0, 0, 0, 0, 0, 0, 0, 0, 0, 0, 0, 0, 0, 0, 0, 0, 0, 0, 0,  0, 0, 0, 0, 0, 0, 0, 0, 0, 0, 0, 0, 0, 0, 0, 0, 0, 0, 0, 0, 0,  0, 0, 0, 0, 0, 0, 0, 0, 0, 0, 0, 0))
result <- do.call(palm:::euc_distances,testlist)
str(result)