testlist <- list(x1 = c(5.43289371954478e-312, 2.25252634257576e-23, 1.31988344970819e-148,  2.58656506420045e-231, 2.01720461472801e+301, 7.09726689016689e+301,  1.76365165481318e+224, 1.58580615468345e-235, 2.04216934398109e+301 ), x2 = c(0, 0, 0, 0, 0, 0, 0, 0, 0, 0, 0, 0, 0, 0, 0, 0, 0,  0, 0, 0, 0, 0, 0, 0, 0, 0, 0, 0, 0, 0, 0, 0, 0, 0, 0, 0, 0, 0,  0, 0, 0, 0, 0, 0, 0, 0, 0, 0, 0, 0, 0, 0, 0, 0, 0, 0, 0, 0, 0,  0, 0, 0, 0, 0), y1 = c(-4.25650791494563e+35, -8.71663416366103e-75,  3.40771910818854e+140, -1.03262671626396e+297, -8.11719470476153e-208,  2.33757959483122e-252, -1.90296048246479e-145, -5.3935500944014e+287,  6.55213677070703e-176, -1.0912306719809e-170, 5.61667205812485e-297,  7.57902001487832e+52, 3.59608172031274e+216, -8.13391193753684e+43,  3.70010032916047e+188, 1.45368834925804e+246, -2.01735698821162e+97,  -5.22762501903404e+177, -3.35805012590245e-75, -5.70348714944666e+190,  6.86799088938037e+57, -1.36424291458931e+62, -1.17618222073102e-278,  -2.77079643910257e+149, -5.65984308529109e+183, -6.52664752476965e+272,  9.87708754553908e-290, 1.70781358068345e+179, 2.38024755583356e-27,  1.59411943337622e+210, 2.85632625964006e+113, -6.32694032609675e+88,  1.84706819395464e+142, -8.10392541284365e-41, 1.02168900699641e-14,  -0.230881838873151, 7.0757772084779e-142, 2.88877808142027e-245,  -7.12126359642913e+239, 1.57639487226308e-77, -2.09236877741943e-295,  2.83735903384593e+277, -5.7845434606271e+168, 1.9770615455462e-64,  9.60735240454808e+300, 3.44554575027115e+55, 1.61339436246999e+156,  1.45621239083232e+288, -6.81320381779077e+267, -3.25835718110538e+50,  2.82037796512513e-222, 9.40596104106406e+148, 4.01519511411933e-126,  -1.51393296713363e+182, -1.34435675005505e-182, 9.57081326414823e-179,  2.14960380545059e+129, -4.93286555240034e+132, -9.39643859895517e-95,  -2.30633332035764e+36, -6.95458877513572e+134, -2.0707346288142e+155,  -4.12713737540178e+27, 7.10008925452216e+190, -2.90920149015112e-206,  6.39571366666986e+275, 5.96230135420422e-06, -3.63746453416864e-111,  -7.4383324243511e-307, -2.39743261519548e-287, -4.22296281905292e+92,  4.74065154898561e+33, -8.64197198702801e-154, 8.17309232317749e+64,  1.54866295606729e-43, -9.10604693927061e-156, 3.85675610715675e-118,  7.11114069944806e+86, -9.86739033092917e-111, 4.97058730614648e-278,  -5.08128449746226e-134, 5.15265041819209e-249, -2.72538754206875e-92,  -2.59703016930476e-262, 2.63448544803175e-123, 7.31751588394385e+92,  -1.43070896989217e-50, -3.29532096718928e-19), y2 = numeric(0))
result <- do.call(palm:::euc_distances,testlist)
str(result)