testlist <- list(x1 = c(9.93094030171747e-312, 1.59158685647779e+82, 8.77780046926637e+127,  -4.77690201230189e+213, -1.21605593606517e+265, 1.24982173197812e+49,  -9.75298306208378e+228, -4.60649708160583e-21, -4.5917038586581e+282,  4.54102606280552e-209, -7.69029850148409e-152, 3.74646160272655e-205,  1.48940479139281e-265, -3.43409648196813e+133, 9.92999823517863e-294,  4.50570333409948e-271, 1.08652955534236e+141, 3.5188202128382e-54,  3.84868178388482, -1.1213407246558e+220, 8.82769676445827e+22 ), x2 = c(3.02134161855215e+287, -5.88098719036516e+211, 9.78559941043605e-170,  2.33827692437566e+174, 2.65132418569481e-160, -5.03322473283619e-12,  -5.0812844974907e-134, 5.15265041819209e-249, 6.73356184155654e+91,  -1.43070896989217e-50, -3.29532096718928e-19, -8.19314008478989e+260,  4.60092901528169e-317, 0, 0, 0, 0, 0, 0, 0, 0, 0, 0, 0, 0, 0,  0, 0, 0, 0, 0, 0, 0, 0, 0, 0, 0, 0, 0, 0, 0, 0, 0, 0, 0, 0, 0,  0, 0, 0, 0, 0, 0), y1 = c(3.78564301551964e+78, -1.08358040581876e+193,  2.75173558072657e-40, 2.36945808592571e-83, -7.67977331740964e-182,  -7.44405921057717e+115, 2.15788640175459e+166, 2.34286254624717e+295,  1.02928693474722e-171, Inf, -1.4485319704394e+248, -1.94823306700041e-185,  -2.90920149015112e-206, 6.39571366666983e+275, 5.96230135420422e-06,  -3.63746453416864e-111, -7.44180910225501e-307, -2.39743261550129e-287,  -4.22296281905292e+92, 4.74065154898561e+33, -8.64197198702801e-154,  -Inf, 1.54866295606729e-43, -9.10604693927061e-156, 3.85675610715675e-118,  7.11114069944806e+86, 5.91840479401726e+224, 1.20794675764027e+221,  -1.21667104021605e-135, -1.02553132212493e-101, 52.2586191767655,  -4.04633590095618e+62, Inf, -2.01161588071969e+24, -7.42600159724166e-188,  3.43640749575496e+181, 4.52213089398739e+212, -2.00883643915554e-231,  7971585796228321280, 1.97479997778577e-24, -2.3172284693687e-207,  1.89413074675751e+180, 1.30778763352376e+59, -1.83760591332318e-213,  -1.46249442191372e+190, -6.84144299032798e-218, -3.75383975336339e-25,  -6.84655538176061e+119, NA, 1.7000564969457e-77, 5.00762152137037e-144,  1.30072261244014e+212, 16560569806305.8, 1.48602057508056e-65,  -5.80113128883769e+120, -1.24962031816696e+68, 8.69368570038725e-19,  3.86703441842533e-15, 9.93000225573413e-294, -2.55845899815262e-165,  4.88073919448854e-203, -1.01627676698242e+206, 6.07122342119978e-61,  2.24502554859773e-232, 4.72073282180051e+34, 1.66897339904984e-152,  -284832246740924, -1.35765479434453e-162, -7.20237265834934e+303,  -8.29073858427023e-98, 1.52883101046393e-71, -1.58932120195494e-86,  -1.53598504423862e-125, 3.72063281467216e-299, 1.16584061715975e+303,  -3.49819460979505e-34, 0), y2 = numeric(0))
result <- do.call(palm:::euc_distances,testlist)
str(result)