testlist <- list(x1 = c(-1.60283297694686e-180, -1.60283297694686e-180, -1.60283297694686e-180,  -1.60283297694686e-180, -1.60283297694686e-180, -1.60283297694686e-180,  -1.60283297694686e-180, -1.60283297694686e-180, -1.60283296617368e-180,  3.73554474728118e-313, 5.26254956159388e-312, 6.67920361406523e+235,  -2.58081522882207e-234, 1.4091384969265e-315, 1.1106750540145e-19,  8.41359746569983e-129, 6.9533144018815e-310, NaN, -1.09538759723336e+193,  7.29023199001299e-304, -3.6776982773103e-186, 5.28453670393321e-148,  9.10782724853989e+301), x2 = c(1.21327976778599e-279, 2.40546852841998e+282,  7.85192865608022e-310, 0, 0, 0, 0, 0, 0, 0, 0, 0, 0, 0, 0, 0,  0, 0, 0, 0, 0, 0, 0, 0, 0, 0, 0, 0, 0, 0, 0, 0, 0, 0, 0, 0, 0,  0, 0, 0, 0, 0, 0, 0, 0, 0, 0, 0, 0, 0), y1 = c(2.1386562497896e+245,  3.1540377494825e+233, -2.01028797249567e+305, 3.64469673040741e+88,  NaN, 1.60286753548899e+159, 2.1386562497896e+245, -8.01058046646747e-113,  3.64469672871559e+88, 2.62026662323324e-304, 1.15671611955255e+224,  1.18343812135464e+131, 1.06030944041765e+88, 20628252417935688,  3.64459958891856e+88, 3.64469672236317e+88, 4.41058230758305e+90,  3.64469672236317e+88, 3.64469672236317e+88, 1.81259236969779e+175,  3.64469672236317e+88, 8.29711627865287e-129, 2.84879206062841e-306,  8.04396047036516e+307, 7.13699644594435e-79, 4.57872564703754e+88,  3.2645374634804e+178, 3.64469735320392e+88, 3.7777623216611e-205,  3.40003201247422e+184, -8.99114018163367e-125, 2.38801374943577e-250,  -4.25667795778962e+262, 3.99361610690297e-308, -7.32815448107334e+143,  -8.01058046644198e-113, 8.16901192139663e-190, 2.20004783105558e-283,  -2.01028743493926e+305, 3.64469673040741e+88, 1.0772458119338e+50,  -7.84591167639454e+298, -7.84591167639454e+298, -7.84591167639454e+298,  -7.84591167639454e+298, -7.84591167639454e+298, -7.84591167639454e+298,  -7.84591167639454e+298, -7.84591167639454e+298, -7.84591167639454e+298,  -7.84591167639454e+298, -7.84591167639454e+298, -7.84591167639454e+298,  -7.84591167639454e+298, -7.84591167639454e+298, 3.64469661564804e+88,  3.64469672236317e+88, 1.81259236969779e+175, 3.64469672236317e+88,  -1.37330056114393e+306, 1.75260095720762e-304, -2.58081522779003e-234,  1.4091384969265e-315, 1.26035940004386e-309, 2.05276943509389e-289,  2.44265904751516e-170, 3.79212930172696e+146, 3.75408197416587e+146,  5.30754941026506e-148, -6.85766031795153e+303, 3.99361610494824e-308,  -4.21999811628088e+307, 7.00686621674106e-78, 6.15366425629705e-304,  3.88842397591424e+78, -7.30070751239616e-41, 1.98950620609584e+87,  NaN, -9.11646095813187e-272, 4.70164324261389e-236, 1.21327976778599e-279,  1.21327976778599e-279, 1.21327976778599e-279, 1.21327976778599e-279,  -7.55148842410425e+303), y2 = numeric(0))
result <- do.call(palm:::euc_distances,testlist)
str(result)