testlist <- list(x1 = c(1.59986418650014e+159, -8.11719470476153e-208, 2.33757959483122e-252,  -1.90296048246479e-145, -7.42055962913697e+152, 6.55213677069554e-176,  -1.0912306719809e-170, 8.69378553568575e-311, 1.04734244840369e+173,  -2.34817854566875e-78, 2.26283622915234e+149, 2.37052527326331e-73,  -1.53752650190055e-252, 4.4757513284131e-302, -3.01956777572501e-102,  8650090070020134912, 1.2602135776744e-199, 3.98808616248248e-200 ), x2 = c(3.9937894116439e+211, -1.70798599233063e+84, -1.62561547407339e+118,  1.26540799222391e-209, 1.33829930591934e-272, -7.19497535325864e+130,  -1.385231679878e+84, -4.78903088303891e+239, -2.61686727767728e+129,  -5.2005891282764e-123, 1.39444109504177e+148, -4.07229130855769e+130,  -5.31048573791289e+95, -122104280218616, -6.24137181968985e+224,  -5.8203531158047e-57, -6.63290133253323e+304, -5.60521040525817e+107,  -1.03882313441505e-127, 2.27419806367674e-80, -2.59776999662186e-279,  -2.47594728472362e+117, -8.99440023926667e-176, -2.50215596629736e-20,  2.85632919454536e+206, -7.89736910906798e+130, -5.90715311556812e-159,  1.61686786638693e-140, 2.56741277863202e-151, -2.50736478219375e-275,  3.31792417420364e-07, 9.53038003764513e+73, -16019534509.1735,  -7.21090999069831e+67, -9.32618294793226e-241, 0, 0, 0, 0, 0,  0, 0, 0, 0, 0, 0, 0, 0, 0, 0, 0, 0, 0, 0, 0, 0, 0, 0, 0, 0, 0,  0, 0, 0, 0, 0, 0, 0, 0, 0), y1 = c(-1.53339355283025e-240, 9.13048919032604e-192,  1.29525754659328e-257, 1.74741615529174e+289, -3.84113362259956e-178,  -1.79492171446375e-73, 4.24338961962142e-195, 3.85555106704345e+74,  -6.17299151645668e-199, -4.0092489961851e+142, 5.10897507305958e+303,  -9.97645108723986e+179, 1.05797266120266e+97, -3.56691747766385e-280,  2.75173558072657e-40, 2.36945808592571e-83, -7.6797733188124e-182,  -7.44405921057717e+115, 2.15788628140611e+166, 9.3714501849887e+295,  1.0292879218504e-171, 1.11997184023658e-175, -1.4485319704394e+248,  -2.3706259645456e-102, -2.51265393833996e+247, -4.33492519417265e-32,  1.76993867483814e+207, 2.07042077304435e+169, -1.38230888672965e+57,  1.65823542846414e+60, 5.38433153831424e-123, 1.64563625389173e-254,  -2.75610834030957e+212, -4.9857170456667e+216, -4.9857170456667e+216,  -4.9857170456667e+216, 2.49838313983945e+240, -3.40737926468003e+83,  63213153.3114193, 2.72063351771447e-43, -1.9145391597319e+164,  9.0040651772436e-85, -2.93483653582724e+128, 6.68870850208726e+234,  -2.59776999660946e-279, -2.47594728472362e+117, -1.0911771390818e-170,  5.61667205812485e-297, 7.57902001487832e+52, 3.59610430191178e+216,  -8.13391193753684e+43, 3.70010032916554e+188, 3.3846319402988e+236,  -5.66737658932971e-28, 63213153.3265561, 2.72063351771314e-43,  63213178.5801026, 2.72063351771314e-43), y2 = numeric(0))
result <- do.call(palm:::euc_distances,testlist)
str(result)