testlist <- list(x1 = c(NaN, NaN, NaN, NaN, NaN, NaN, NaN, NaN, NaN, NaN,  -5.26057170923909e-206, 8.64498702505597e-181, -1.2514734067622e+174,  -2.02232927822745e+180, -5.91136952346221e+207, 2.56305172977086e-198,  -3.81536878766042e-75, -4.48427390916797e+116, -5.60539618063187e-287,  1.2251557165626e-20, 3.01526867842834e+83, 1.04398710784353e+20,  -2.63729498489517e-96, 2.49838313983945e+240, -5.66737658932971e-28,  63213153.3265561, 2.72063351771314e-43, -1.9145391597319e+164,  9.0040651772436e-85, -2.93483653582724e+128, 4.96916277252788e-206,  NA, -5.4108007198301e+225, 4.17518956196286e-130, 8.30706628899785e+190,  NaN, 2.83288012710892e+297, 1.00717172267048e-310, NaN, -1.17021722426939e-172,  6.36733067959829e-275, -3.88827504399176e+65, -1.73612752889313e-148,  5.22158723993497e-110, -7.63388407949568e-23, -1.31533364068387e+295,  Inf, -2.23414696951194e-262, -3.74400591550231e+272, -2.96042991253287e-54,  0), x2 = c(-8.14486902625078e-44, 2.68418401235841e-56, -1.27978187055717e+202,  1.07304763376357e-41, 3.88921190184872e-94, -4.46311678893556e+104,  -1.63480476688843e-149, 15733590.3896747, 5.76215166534232e-158,  -6.47872515182079e-129, -7.16269847839517e+46, -1.14980349095463e+63,  7.42673560478962e+253, 15238841305.7275, -9.15669675256101e+176,  -4.2579141416353e+36, 2.0737688012641e+20, -4.05998596719538e+271,  -5.06900960814143e+109, 1.16580561731632e+182, -1.85229510572826e+154,  1.79721319331212e-319, 0, 0, 0, 0, 0, 0, 0, 0, 0, 0, 0, 0, 0,  0, 0, 0, 0, 0, 0, 0, 0, 0, 0, 0, 0, 0, 0, 0, 0, 0, 0, 0, 0, 0,  0, 0, 0, 0, 0, 0, 0, 0, 0, 0, 0, 0, 0, 0, 0, 0, 0, 0, 0, 0, 0,  0, 0, 0, 0, 0, 0, 0, 0, 0, 0, 0, 0, 0, 0, 0), y1 = c(-1.09010597032416e+142,  -1.26165624386947e+182, -128956946553.786, 4.73917566158161e-94,  -9.88801468929887e+273, -5.42164413220622e+42, 2.16321904843258e+288,  1.69047429330329e+198, 1.44186835053676e+288, -7.01579548459978e+224,  8.01089510653709e-83, -3.87544783949129e-103, -3.11911418336415e-232,  16560569806305.7, 1.28335241627453e-142, -5.80113128883769e+120,  2.24502554859035e-232, 2.71362580285759e-233, -1.66760157662465e+184,  -2.11380111214627e+200, -4.67224232581196e+259, -8.05587834394273e+195,  -467503693.40951, 5.12210133930091e-297, 3.21461206414412e+81,  2.98318277594709e-238, -2.70361939782505e-88, 2.24724707151192e-138,  1.4215738680524e-296, 1.47919529600173e+107, -2.6018507909025e-192,  3.18048057439202e-203, 2.35699137534217e+168, 1.20840171939961e+88,  -1.47141602799981e+140, 5.50023695075997e-88, 1697436762028.57,  -5.26399310292767e-170, -9.78259381417332e+171, -4.96129608357978e-135,  5.06499349422096e+64, -6.11266890520255e-183, -4.3699831328742e-301,  3.88041191948774e-32, -2.89847930850499e-77, -8.39124071109351e-100,  8.78295440121927e+76, 1.49436843720839e+66, -1.16670934342368e+64,  1.92122574580777e-219, -7.43209365534896e-219, 7.75875886777807e+179,  -4.43740981994732e-71, 2.57835961003648e-308, 8.69368568633648e-19,  3.86703441842533e-15, 8.79638235588381e-301, -1.84830500164404e-243,  618033638.833978, 0.00253397361246173, 2.77041196996025e+111,  2.47758989953461e-55, 3.77435988103654e-179, -4.02376044740986e-173,  -4.75397469430355e-279, -5.40340089077071e+87, -3.79870719255188e-72,  8.10617246845152e+287, 3.55745227666397e-206, 1.66897339904985e-152,  2.34372479044556e+200, -7.94705162828489e+144, 4.26631651475567e+76,  1.46492560994063e+215, -4.40618754964661e-08, 6.52885956731419e-10,  -2.29644808603298e-233, -2.30906761009858e+88, -1.34236479482047e+73,  -1.28990870072638e+60, 9.5926760898877e-200, -284832246741703,  -1.35765479434453e-162, -1.2079910967447e+171, -8.29073858434281e-98,  -3.82592880800574e+149, -1.58932120195266e-86, 1.12893279440642e+275 ), y2 = numeric(0))
result <- do.call(palm:::euc_distances,testlist)
str(result)