testlist <- list(x1 = c(-8.41517245452456e-32, -1.93917364594471e-277, -3.87281613908805e+304,  8.82770036757676e+22, NaN, -19094319042396156, 4808460.04603495,  -1.27385824442375e-169, -7.35147550524285e+267, -3.10685492918215e-74,  1.40913366932116e+281, 1.7726622913255e+277, 7.28792636991147e-115,  -3.10503618068155e+231, -1.90631316440197e+242, 2.55030802454165e-108,  -9.812608425607e+286, 4.77442930821399e+306, 5.24270689740873e+97,  7.35119128224179e-303, -7.3643564997684e+303, -2.63687984785867e-301,  8.76386938403855e+300, -1.49610054244633e-252, -666611452767647,  1.32136574462958e+304, -2.04035251367004e-136, -1.72621658104599e-267,  8.77132968707226e-127, -2.84176923921106e+307, -1.6541298753362e-64,  5.06135824339762e+168, 4.73934397254107e+88, 4.54692459472602e-308,  8.66549070699946e+224, 6.4601551543367e+72, -9.812608425607e+286,  -8.2365868038116e-55, NaN, -8.44451166446868e-55, -8.44451166446868e-55,  -8.44451166446868e-55, -8.44451166446868e-55, -8.44451166446868e-55,  -8.44451166446868e-55, -8.44451166446868e-55, -8.44451166446868e-55,  -8.44451165946385e-55, -8.44451166446868e-55, -8.44451166446868e-55,  -8.44451166446868e-55, -8.44451166446868e-55, -8.44451166446868e-55,  -8.44451166446868e-55, 1.7846371068806e-294, 7.47865712447755e-216,  -1.72621657314344e-267, 2.50753999640716e-136, 1.87672059465594e-205,  3.32473041472339e-75, -8.44451166446849e-55, -8.44451166446868e-55,  -8.44451166446868e-55, -8.44451166446868e-55, -8.44451166446868e-55,  -8.44451166446868e-55, 0), x2 = c(-8.44451166446868e-55, -8.44451166446868e-55,  -8.44451166446868e-55, -8.44451166446868e-55, -8.44451166446868e-55,  -8.44451166446868e-55, -8.44451166446868e-55, -8.44451166446868e-55,  -8.44451166446868e-55, -8.44451166446868e-55, -8.44451166446868e-55,  -8.44451166446868e-55, -8.44451166446868e-55, -8.44451166446868e-55,  -8.44451166446868e-55, -8.44451166446868e-55, -8.44451166446868e-55,  -8.44451166446868e-55, -8.44451166446868e-55, -8.44451166446868e-55,  -6.2982045302202e-209, -8.44451166446868e-55, -8.44451166446868e-55,  -8.44451166446868e-55, -8.44451166446868e-55, -8.44451166446868e-55,  -8.44451166446868e-55, -8.44451166446868e-55, -8.44451166446868e-55,  -8.44451166446868e-55, -1.15403974340174e-177, 8.88540424516135e-312,  -7.34356226610651e+211, -1.93917364594471e-277, 52.4665914413952,  1.78463710688057e-294, 7.47865712447755e-216, -1.72621658104116e-267,  2.5075407395804e-136, 1.87672059465594e-205, 4.77442930820129e+306,  1.58095786695638e-230, 4.73009771326407e-20, 8.22591581555319e+52,  7.27199061979944e-291, -2.92891440713216e+22, 3.62828550056608e-137,  -2.84166113727953e+307, -1.66229012886771e-64, -2.02918645495793e+305,  1.02186948449138e+82, 4.52798159706691e+88, 2.95469153254059e+222,  2.08938465985745e+270, -2.17587954719449e-141, -7.13999478781775e+211,  NaN, -7.97258719160109e-33, -8.10931920389726e-32, 1.40913366932579e+281,  7.61352656809543e+286, -1.54426489166746e-23, 8.1681438684699e+52,  4.76474566970656e-286, -2.36711517717714e-224, -1.63670669940658e+258,  5.85227800867692e+114, 7.4807950749053e-153, -2.17587954719449e-141,  7.38670259168304e-245, 9.8901690162576, NaN, -8.44451166446879e-55,  -8.44451166446868e-55, -8.44451166446868e-55, -8.44451166446868e-55,  -8.44451166446868e-55, -8.44451166446868e-55, -8.44451166446868e-55,  -8.44451166446868e-55, -8.44451166446868e-55, -8.44451166446868e-55,  -8.44451166446868e-55, -8.44451166446868e-55, -8.44451166446868e-55,  -8.44451166446868e-55, -8.44451166446868e-55, -8.44451166446868e-55,  -8.44451166446868e-55, -8.44451166446868e-55, -8.44451166446868e-55,  -8.44451166446868e-55), y1 = c(-8.44451166446868e-55, -8.44451166446868e-55,  -8.44451166446868e-55, -8.44451166446868e-55, -8.44451166446868e-55,  -8.15663059712455e-55, -8.44451166446868e-55, -8.44451166446868e-55,  -8.44451166446868e-55, -8.44451166446868e-55, -8.44451166446868e-55,  -8.44451166446868e-55, -8.44451166446868e-55, -8.44451166446868e-55,  -8.44451166446868e-55, -8.44451166446868e-55, -8.44451166446868e-55,  -8.44451166446868e-55, -8.44451166446868e-55, -8.44451166446868e-55,  -8.44451166446868e-55, -8.44451166446868e-55, 7.89748617139348e-17,  -9.9080153596406e-155, 4.77292827833788e+306, 5.2427068974087e+97,  7.48084254045169e-153, 2.48608847475327e-233, -8.44451165207539e-55,  -8.44451166446868e-55, -8.44451166446868e-55, -8.44451166446868e-55,  -8.44451166446868e-55, -8.44451166446868e-55, -8.44451166446868e-55,  -8.44451166446868e-55, -8.44451166446868e-55, -8.44451166446868e-55,  -8.44451166446868e-55, -8.44451166446868e-55, -8.44451166446868e-55,  -8.44451166446868e-55, -8.44451166446868e-55, -8.44451166446868e-55,  -8.44451166446868e-55, -8.44451166446868e-55, 2.70991344834099e-312,  -8.44451166446868e-55, -8.44451166446868e-55, -8.44451166446868e-55,  -8.44451166446868e-55, -8.44451166446868e-55, -8.44451166446868e-55,  -8.44451166446868e-55, -8.44451166446868e-55, -8.44451166446868e-55,  -8.44451166446868e-55, -8.44451166446868e-55, -8.44451166446868e-55,  -8.44451166446868e-55, -8.44451166446868e-55, -8.44451166446868e-55,  -8.44451166446868e-55, -8.44451166446868e-55, -8.44451166446868e-55,  -8.44451166446868e-55, -8.44451166446868e-55, -8.44451166446868e-55,  -8.44451166446868e-55, -8.44451166446868e-55, -8.44450736677472e-55,  -8.44451166446868e-55, -8.44451166446868e-55, -8.44451166446868e-55,  -8.44451166446868e-55, -8.44451166446868e-55, -8.44451166446868e-55,  -8.44451166446868e-55, -8.44451166446868e-55, -8.44451166446868e-55,  -8.44451166446868e-55, -8.44451166446868e-55, -8.44451166446868e-55,  -8.44451166446868e-55, -8.44451166446868e-55, -8.44451166446868e-55,  -8.44451166446868e-55, -8.44451166446868e-55, -8.44451166446868e-55,  -9.9151902910047e-27, -8.44450727175262e-55, -8.44451166446868e-55 ), y2 = c(-8.44451166446868e-55, -8.44451166446868e-55, -8.44451166446868e-55,  -8.44451166446868e-55, -8.44451166446868e-55, -1.45401650613864e+307,  -8.44451166446868e-55, -8.44451166446868e-55, -8.44451166446868e-55,  -8.44451166446868e-55, 2.82191719937737e-306, -8.44451166440165e-55,  -8.44451166446868e-55, -8.44451166446868e-55, -8.44451166446868e-55,  -8.44451166446868e-55, -8.44451166446868e-55, -8.44451166446868e-55,  -8.44451166446868e-55, 1.34442799338101e-95, -1.66229012886771e-64,  -2.02918645649073e+305, 1.02186948449138e+82, 4.72691089163082e+88,  -3.29205522041084e+148, -1.77228428721931e-248, -3.15831319330385e-96,  6.46015515433412e+72, NaN, 3.22913246761823e-16, NaN, 7.81074999427802e-17,  -1.71248552181363e-195, -2.04134781387803e-286, -1.12219618744521e-177,  2.57970892024396e-36, 1.0798395388449e-55, 2.83077302346768e-282,  -7.47463294614716e-277, 2.76661215971089e+203, -5.90910631535373e-126,  1.78463710688058e-294, 7.51690056150693e-216, -484102697955320,  -1.76577900709619e-248, -562949956851537, -5.15062030607093e+20,  -1.24630241107605e-70, -6.38172945811979e+257, 1.17045560173538e+115,  7.4807950749053e-153, -2.17587954719433e-141, 7.38670259168304e-245,  -2.04134781387804e-286, -2.89772776572107e-57, -8.44451166446868e-55,  -8.44451166446868e-55, -8.44451166446868e-55, -8.44451166446868e-55,  -8.44451166446868e-55, -8.44451166446868e-55, -8.44451166446868e-55,  -8.44451166446868e-55, -8.44451166446868e-55, -8.44451166446868e-55,  -8.44451166446868e-55, -8.44451166446868e-55, -8.44451166446868e-55,  -8.44451166446868e-55, -8.44451166446868e-55, -8.44451166446868e-55,  -8.44451166446868e-55, -8.44451166446868e-55, -8.4445072717522e-55,  -8.44451166446868e-55, -8.44451166446868e-55, -8.44451166446868e-55,  -8.44451166446868e-55, -8.44451166446868e-55, -8.44451166446868e-55,  -8.44451166446868e-55, -8.44451166446868e-55, -8.44451166446868e-55,  -8.44451166446868e-55, -8.44451166446868e-55, -8.44451166446868e-55,  -8.44451166446868e-55, -8.44451166446868e-55, -8.44451166446868e-55,  -8.44451166446868e-55, -8.44451166446868e-55, -8.44451166446868e-55 ))
result <- do.call(palm:::euc_distances,testlist)
str(result)