testlist <- list(x1 = c(Inf, 6.44409915093636e+257, Inf, 6.44409915093636e+257,  6.44409915093636e+257, 6.44409915093636e+257, 6.44409915093636e+257,  6.44424578212443e+257, 6.44409915093636e+257, 6.44409915093636e+257,  6.44409915093636e+257, 6.44409915093636e+257, 6.44409915093636e+257,  6.44409915093636e+257, 6.44409915093636e+257, 6.44409915093636e+257,  6.44409915093636e+257, 6.44409915093636e+257, -Inf, 6.44409915093636e+257,  6.44409915093636e+257, 6.44409915093636e+257, 6.44409929413088e+257,  6.44409915093636e+257, 6.44409915093636e+257, 5.24289645832761e+257,  6.44409915093636e+257, 6.44409915093636e+257, 6.44409915093636e+257,  6.44409915093636e+257, 6.44409915093636e+257, 6.44409915093636e+257,  6.44409915093636e+257, 6.44409915093636e+257, 6.44409915093636e+257,  6.44409915093636e+257, 6.44409915093636e+257, 6.44409915093636e+257,  6.44409915093636e+257, 6.44409915093636e+257, -5.37588689508289e-292,  -9.77719780333789e-292, -9.77719780333789e-292, -9.77719780380452e-292,  0), x2 = c(9.41806146021618e+305, 6.44409915093636e+257, 6.44409915093636e+257,  6.44409915093636e+257, 6.44409915093636e+257, 6.44409915093636e+257,  6.44409915093636e+257, 6.44409915093636e+257, 6.44409915093636e+257,  6.44409915093636e+257, 6.44409915093636e+257, 6.44409915093636e+257,  6.44409915093636e+257, 6.44409915093636e+257, 6.44409915093636e+257,  6.7493006094127e-67, 6.74930060360378e-67, 6.74930060179018e-67,  6.74930060360378e-67, 6.74930060360378e-67, 6.44409915093636e+257,  6.74930060360378e-67, 6.74930060360378e-67, 9.71666552415372e-67,  6.74930060360378e-67, 6.74930060360378e-67, 6.74930060360378e-67,  6.74930060360378e-67, 6.74930060360378e-67, 6.74930060360378e-67,  6.74930060360378e-67, 6.74930060360378e-67, 6.74930060360378e-67,  6.74930060360378e-67, 6.74930060360378e-67, 6.74930060360378e-67,  6.74930060360378e-67, 6.74930060360378e-67, 6.74930060360378e-67,  6.74930060360378e-67, 6.74930060360378e-67, 6.74930060360378e-67,  6.74930060360378e-67, 6.74930060360378e-67, 0), y1 = c(6.44409914904855e+257,  6.43706084681556e+257, 6.44409915093909e+257, 6.44409915093636e+257,  6.44409915093636e+257, 6.44409915093636e+257, 6.74439982408855e+257,  6.44409915093636e+257, 6.44409915093636e+257, 6.44409915093636e+257,  6.44409915093636e+257, 6.44409915093636e+257, 6.44409915093636e+257,  6.44409915093636e+257, 6.44409915093636e+257, 6.44409915093636e+257,  6.44409915093636e+257, 6.44409915093636e+257, -Inf, 6.44409915093636e+257,  6.44409915093636e+257, 6.4441907954289e+257, 6.44395251974821e+257,  6.44409915093636e+257, 6.44409915093636e+257, 6.44409915093636e+257,  6.44409915093636e+257, 6.44409915093636e+257, 6.44409915093636e+257,  6.44409915093636e+257, 6.44409915092954e+257, 6.44409915093636e+257,  6.44409915093636e+257, 6.44409915093636e+257, 6.44409915093636e+257,  6.44409915093636e+257, 6.44409915093636e+257, 6.44409915093636e+257,  9.96026673863889e+257, 6.44409915093636e+257, 6.44409915093636e+257,  6.44409915093636e+257, 6.44409915093636e+257, 6.44409915093636e+257,  0), y2 = c(6.74930060360378e-67, 6.74930060360378e-67, 6.74930060360378e-67,  6.74930060360378e-67, 6.74930060360378e-67, 6.74930060360378e-67,  6.74930060360378e-67, 6.74930060360378e-67, 6.74930060360378e-67,  6.74930060360378e-67, 6.74930060360378e-67, 6.74930060360378e-67,  6.74930060360378e-67, 6.74930060360378e-67, 6.74930060360378e-67,  6.74930060360378e-67, -4.63135416639345e-282, -4.6313541705684e-282,  -4.6313541705684e-282, -4.6313541705684e-282, -4.6313541705684e-282,  -4.6313541705684e-282, -4.6313541705684e-282, -4.6313541705684e-282,  -4.6313541705684e-282, -4.6313541705684e-282, 6.74930061079991e-67 ))
result <- do.call(palm:::euc_distances,testlist)
str(result)