testlist <- list(x1 = c(8.77780046926637e+127, Inf, -6.88263268682319e+192,  NaN), x2 = c(-2.49833539069496e-127, -2.49833539069496e-127,  -2.49833539069496e-127, -2.49833539069496e-127, -2.49833539069496e-127,  -2.49833539069496e-127, -2.49833539069496e-127, -2.49833539069496e-127,  -2.49833539069496e-127, -2.49833539069496e-127, -2.49833539069496e-127,  -2.49833539069496e-127, -2.49833539069496e-127, -2.49833539069496e-127,  -2.49833539069496e-127, -2.49833539069496e-127, -2.49833539069496e-127,  -2.49833539069496e-127, -2.49833539069496e-127, -2.49833539069496e-127,  -2.49833539069496e-127, -2.49833539069496e-127, -2.49833539069496e-127,  -2.49833539069496e-127, -2.49833539069496e-127, -2.49833539069496e-127,  -2.49833539069139e-127, -2.49833539069496e-127, 1.65838486141377e-243,  1.0805241097352e-178, -4.57327852825743e-231, 1.88421346401213e+299,  -9.51667470272888e+246, -4.25399646239411e-115, 3.21316257051697e-263,  3.57433987302685e-40, -6.17896384562849e-261, -3.2437207511233e+96,  -7.09971223653369e-128, 5.04237322740881e-312, 0, 0, 0, 0, 0,  0, 0, 0, 0, 0, 0, 0, 0, 0, 0, 0, 0, 0, 0, 0, 0, 0, 0, 0, 0, 0,  0, 0, 0, 0, 0, 0, 0, 0, 0, 0, 0, 0, 0, 0, 0, 0, 0, 0, 0, 0, 0,  0, 0, 0), y1 = c(-2.49833539069496e-127, NaN, -2.49833539069496e-127,  -2.49833539069496e-127, -2.49833539069496e-127, -2.49833539069496e-127,  -2.49833539069496e-127, -2.49833539069496e-127, -2.49833539069496e-127,  -2.49833539069496e-127, -2.49833539069496e-127, -2.49833539069496e-127,  -2.49833539069496e-127, -2.49833539069496e-127, -2.49833539069496e-127,  -2.49833539069496e-127, -2.49833539069496e-127, -2.49833539069496e-127,  -2.49833539069496e-127, -2.49833539069496e-127, -2.49833539069496e-127,  -2.49833539069496e-127, -2.49833539069496e-127, -2.49833539069496e-127,  -2.49833539069496e-127, -2.49833539069496e-127, -2.49833539069496e-127,  -2.49833539069496e-127, -2.49833539069496e-127, -2.49833539069496e-127,  -2.49833539069496e-127, -2.49833539069496e-127, -2.49833539069495e-127,  -2.49833539069496e-127, -2.49833539069496e-127, -2.49833539069496e-127,  -2.49833539069496e-127, -2.49833539069496e-127, -2.49833539069496e-127,  -2.49833539069496e-127, -2.49833539069496e-127, -2.49833539069496e-127,  -2.49833539069496e-127, -2.49833539069496e-127, -2.49833539069496e-127,  -2.49833539069496e-127, -2.49833539069496e-127, -1.86334366046192e-281,  -2.49833539069496e-127, -2.49833539069496e-127, -2.49833539069496e-127,  -4.33843503813707e-291, -2.49833539069496e-127, -2.49833539069496e-127,  -2.49833539069496e-127, -2.49833539069496e-127, -2.49833539069496e-127,  -2.49833539069496e-127, -2.49833539069496e-127, -2.49833539069496e-127,  -2.49833539069496e-127, -2.49833539069496e-127, -2.49833539069496e-127,  -2.49833539069496e-127, -2.49833539069496e-127, -2.49833539069496e-127,  -2.49833539069496e-127, -2.49833539069496e-127, -2.49833539069496e-127,  -2.49833539069496e-127, -2.49833539069496e-127, -2.49833539069496e-127,  -2.49833539069496e-127, -2.49833539069496e-127, -2.49833539069496e-127,  -2.49833539069496e-127, -2.49833537005765e-127, -2.49833539069496e-127,  -2.49833539069496e-127, -2.49833539069496e-127, -2.49833539069496e-127,  -2.49833539069496e-127, -2.49833539069496e-127, -2.49833539069496e-127,  -2.49833539069496e-127, -2.49833539069496e-127, -2.49833539069496e-127,  -2.49833539069496e-127, -2.49833539069496e-127, 0), y2 = numeric(0))
result <- do.call(palm:::euc_distances,testlist)
str(result)