testlist <- list(x1 = NaN, x2 = c(2.33723505579959e-34, -5.26646946881967e+275,  -3.43872535564899e-25, 3.5191415693355e-80, -1.69363036505109e+123,  2.18226481769277e+143, 7.52928384241134e+27, 2.06696094255085e+160,  2.2349012611246e+137, -3.00978924729972e-59, -1.56496634978464e+294,  -3.08611459845566e+226, -1.11731773035424e-184, -7.63859867069382e-259,  5.18261150452055e-263, 2.99542881454953e+204, -3.95985742637654e+124,  5.83607203670566e-12, 3.20421995381822e+208, -35915174224.6284,  2.47743340634853e+224, 1.37470680292201e+62, -1.83760591332318e-213,  -1.46466996232833e+190, -1.38224024567602e+57, 1.65823542846414e+60,  5.38433153831424e-123, 1.64563625389173e-254, -1.73003724458709e+270,  1.25164416327395e+83, -2.03408908565987e-191, 1.131084759616e+123,  6.68870850008831e+234, -5.08821478152418e-287, -2.46983429035468e-68,  -2.36011298803192e-37, 3.14445700847423e-41, 1.03649255036167e+247,  1.04409921388738e+99, -8.34652342410745e-234, 7.6705501880447e-171,  -5.56415789880654e-187, -5.9129285812653e+234, -5.47713978823749e-72,  2.63318787375986e-159, 8.85449458743897e-159, 8.85449458743897e-159,  1.47919529600173e+107, -2.6018507909025e-192, 3.71011319926957e+220,  35.1104873468226, -5.96365451092536e+121, -1.9184902359043e+38,  -5.27718872184118e+275, -3.43872535564899e-25, -Inf, -1.34765553548193e+28,  -1.34765550943381e+28, -1.34765550943381e+28, -1.34765550943381e+28,  -1.34765550943381e+28, -1.34765550943381e+28, -1.34765550943381e+28,  -1.34765550943381e+28, -1.34765550943381e+28, -1.34765550943381e+28,  -1.34765550943381e+28, -1.34765550943381e+28, -1.34765550943381e+28,  -1.34765550943381e+28, -1.34765550943381e+28, -1.34765550943381e+28,  -1.34765550943381e+28, -1.34765550943381e+28, -1.34765550943381e+28,  -1.34765550943381e+28, -1.34765550943381e+28, -1.34765550943381e+28,  4.06390557641558e-300, -6.20102778292952e-305, -1.34765550943381e+28,  2.75712680453758e+177, -1.5845628747761e+29, -1.34765550943381e+28,  -1.34765550943381e+28, 0), y1 = c(2.04210598950482e+301, 8.00504126680204e-77,  2.04216896663334e+301, 8.53675759228068e+300, -1.04344768766017e+304,  1.04410714149506e+99, -8.34652822313725e-234, 7.6705501880447e-171,  -5.56416180423783e-187, -5.9129285812653e+234, -5.47713978823749e-72,  2.63318787375986e-159, 8.85449458743897e-159, 8.85449458743897e-159,  1.47919529600173e+107, -2.6018507909025e-192, 3.18048057439202e-203,  2.35699137534217e+168, 1.20840171939961e+88, -1.471416067039e+140,  1.12646967251804e-321, 0, 0, 0, -2.63729338828874e-96, 2.49838313983945e+240,  -5.66737658932971e-28, 63213153.3265561, 2.72063351771314e-43,  -1.9145391597319e+164, 9.00406573335184e-85, -2.93483653582724e+128,  6.68870850208726e+234, -5.08821478152418e-287, -2.46983429035468e-68,  -2.36011298803192e-37, 3.14445700847423e-41, 1.03649255036167e+247,  -5.23650389957693e+39, 2.63845441156741e-291, -7.03626726519002e+254,  -3.43965091293562e-08, 2.81462185388908e+113, 1.61308319407548e+280,  2.60505325500586e+169), y2 = numeric(0))
result <- do.call(palm:::euc_distances,testlist)
str(result)