testlist <- list(x1 = 2.58652548748063e-231, x2 = c(-53056898959580792, -3.08737084965375e+282,  7.43688881769809e+21, 6.20274382674717e-86, -1.11762229980298e-247,  1.04034628513224e-306, -1.80829318032896e-219, -4.30042603566095e-213,  5.88853388358847e+208, -1.07355254332038e+37, -4.78191149111747e-259,  1.2174772553178e+271, 3.02134161855215e+287, -3315644500569486,  -6.47908682710191e-129, -7.16269847839517e+46, -1.14980349095463e+63,  7.42673560478962e+253, 15238841305.7275, -1.01553982336322e+307,  1.61589015827252e+100, -2.63729498489517e-96, 2.49838313983945e+240,  1.16223696125604e-252, 149720192408.939, -5.26399310292767e-170,  -6.70976993550326e-258, -7.00073704315044e-166, 34040400317864048,  -2.70361939782916e-88, 2.24724707151192e-138, 1.42157322552227e-296,  1.47919529600173e+107), y1 = c(2.02595022070827e+301, 2.64802548740942e-142,  2.07604792442848e+301, 1.46409127329639e+200, -6.69178050885593e+305,  -9.42831674516441e+297, 3.16870372085619e+71, 5.74776582376109e-213,  -1.35229084387275e+202, -4.51378883031824e-39, -1.29371392815015e+34,  3.61320386554056e+98, -1.10518500797596e+300, 1.77833562081023e+267,  403572084326.975, 4.4572401850624e+230, -2.30215680894927e-172,  1.73100353023766e+254, -4.06336852873078e+102, 1.5953807001605e+206,  7.83954011013951e+212, -4.48363777779417e+260, 5.65556099689656e-203,  -1.00399366649121e+59, 9.31725303744396e+233, -1.42673274557341e-248,  9.04598089089207e-06, 1.52080094893565e-259, 4.20402845911327e-75,  3.30227785101208e+112, 3.49359897100516e+286, 3.77046422610497e+214,  -8.13391193753684e+43, 3.70010032916047e+188, 1.45368834925804e+246,  -2.01735698821162e+97, -5.22762501903404e+177, -3.35805012590358e-75,  -3.14382027838258e+258, -2.94665271916917e+246, -8.13019388175655e+83,  1.61328566427137e+168, 8.83994918935891e-60, -6.68830665360668e-305,  1.90721708442623e+245), y2 = c(2.35699137534217e+168, 1.20840171939961e+88,  -1.46536872981367e+140, 5.50023695075997e-88, 1697436762028.57,  -5.26399310292767e-170, -9.7825938138359e+171, -4.96129608357978e-135,  5.06499349422096e+64, -6.11250198419762e-183, -4.3699831328742e-301,  -1.65031586033213e-303, -3.80675832313145e+62, 8649644170361760768,  NA, 3.98872406295935e-200, -6.59623010056274e+115, 2.4595803922041e+31,  -1.53339355283024e-240, 9.1304891889992e-192, 1.29098936341608e-257,  -3.25090015398494e-217, Inf, -1.79492171446375e-73, 3.51914455365585e-80,  -1.69363036505109e+123, 2.18226481769277e+143, 7.52928384240261e+27,  2.06696094255085e+160, 2.23490126201814e+137, -3.00978924729972e-59,  -1.56496634978464e+294, -3.08611459845566e+226, -1.11731773035424e-184,  -7.63826947754037e-259, 5.18261150452055e-263, 2.99542865570359e+204,  1.64563641097463e-254, Inf, -0.230881838873151, 7.04374387895497e-142,  2.88877808142027e-245, -7.12126359642913e+239, 1.57638407526104e-77,  -2.09236877741943e-295, 2.83735903384593e+277, -5.7845434606271e+168,  1.9770615455462e-64, -1.65031585667052e-303, 3.44554575027115e+55,  6.63711944050176e+218, 1.45621239083232e+288, -1.65031585667052e-303,  -3.25835718110378e+50, 2.82037796512513e-222, 9.40596104106406e+148,  3.92286532794148e-126, -2.119264626967e+283, -1.34433376726825e-182,  9.57081274380357e-179, 2.14960380545059e+129, -1.23321638810008e+132,  -9.39643859895517e-95, -2.30633332035764e+36, -6.95458877513572e+134,  -2.0707346288142e+155, -4.12713737540178e+27, 7.10008925452216e+190,  -2.90920149015112e-206, 6.39571366666986e+275, 5.96230135420422e-06,  -3.63746453416864e-111, 9.30911590540091e+189, -2.39743261519548e-287,  -7.78999143558603e+111, 4.74065154898561e+33, -8.64197198702801e-154,  8.17309232317749e+64, 0))
result <- do.call(palm:::euc_distances,testlist)
str(result)