testlist <- list(x1 = c(7.74860418548935e-304, 7.74860418548935e-304, 7.74860418548935e-304,  7.74860418548935e-304, 7.74860418548935e-304, 7.74860418548935e-304,  7.74860418548935e-304, 7.74860418548935e-304, 7.74860418548935e-304,  7.74860418548935e-304, 7.74860418548935e-304, 7.74860418548935e-304,  7.74860418548935e-304, 7.74860418548935e-304, 7.74860418548935e-304,  7.74860418548935e-304, 7.74860418548935e-304, 7.74860418548935e-304,  7.74860418548935e-304, 7.74860418548935e-304, 7.74860418548935e-304,  7.74860418548935e-304, 7.74860418548935e-304, 7.74860418548935e-304,  7.74860418548935e-304, 1.09384700690453e-303, 7.74860418548935e-304,  7.74860418548935e-304, 7.74860418548935e-304, 7.74860418548935e-304,  7.74860418548935e-304, 7.74860418548935e-304, 7.74860418548935e-304,  7.74860418548935e-304, 7.74860418548935e-304, 7.74860418548935e-304,  7.74860418548935e-304, 7.74860418548935e-304, 7.74860418548935e-304,  7.74860418548935e-304, 7.74860418548935e-304, 7.74860418548935e-304,  NA, 7.74860418548935e-304, 7.74860418548935e-304, 7.74860418548935e-304,  0), x2 = c(6.14293298947794e-183, 6.14293298947794e-183, 6.14293298947794e-183,  6.14293298947794e-183, 6.14293298947794e-183, 6.14293298947794e-183,  6.14293298947794e-183, 6.14293298947794e-183, 6.14293298947794e-183,  6.14293298947794e-183), y1 = c(7.74860418548935e-304, 7.74860418548935e-304,  7.74860418548935e-304, 7.74860418548935e-304, 7.74860418548935e-304,  7.74860418548964e-304, 7.74860418548935e-304, 7.74860418548935e-304,  7.74860418548935e-304, 7.74860418548935e-304, 7.74860418548935e-304,  NA, 7.74860418548935e-304, 7.74860418548935e-304, 7.74860418548935e-304,  1.00252859594485e-303, 7.74860418548935e-304, 7.74860418548935e-304,  7.74860418548935e-304, 7.74860418548935e-304, 7.74860418548935e-304,  7.74860418548935e-304, 7.74860418548935e-304, 6.14293298810269e-183,  6.14293298947794e-183, 6.14293298947794e-183, 6.14293298947794e-183,  6.14293298947794e-183, 6.14293298947794e-183, 6.14293298947794e-183,  6.14293298947794e-183, 6.14293298947794e-183, 6.14293298947794e-183,  6.14293298947794e-183, 6.14293298947794e-183, NA, 6.14293298947794e-183,  6.14293298947794e-183, 6.14293298947794e-183, 6.14293298947794e-183,  6.14293298947794e-183, 6.14293298947794e-183, 6.14293298947794e-183,  6.14293298947794e-183, 6.14293298947794e-183, 6.14293298947794e-183,  0), y2 = c(6.14293298947794e-183, 6.14293298947794e-183, 6.14293298947794e-183,  6.14293298947794e-183, 6.14293298947794e-183, 6.14293298947794e-183,  6.14293298947794e-183, 6.14293298947794e-183, 6.14293298947794e-183,  6.14293298947794e-183))
result <- do.call(palm:::euc_distances,testlist)
str(result)