testlist <- list(x1 = c(1.38591789067145e-309, 1.61080831675077e+82, 1.30508575592068e-231,  8.65820739822822e-304, 3.23899556100604e-319, -1.58932120206961e-86,  1.12893279440642e+275, 3.72063281467216e-299), x2 = c(-3.63746453416864e-111,  -7.4383324243511e-307, -2.39743261519548e-287, -4.22296281905292e+92,  4.75206040438767e+33, -8.64197198702801e-154, 8.17309232317749e+64,  1.54866295606729e-43, -9.10604693927061e-156, 3.85675610715675e-118,  7.11114069944806e+86, -9.86739033092917e-111, 4.97058730614648e-278,  -5.08128449746226e-134, 5.15265041819209e-249, -2.72538754206875e-92,  -2.59703016930476e-262, 2.63448544803175e-123, 7.31751588394385e+92,  -1.43070896989217e-50, -3.29532096718928e-19, -8.19314008478989e+260,  4.60097595151805e-317, 0, 0, 0, 0, 0, 0, 0, 0, 0, 0, 0, 0, 0,  0, 0, 0, 0, 0, 0, 0, 0, 0, 0, 0, 0, 0, 0, 0, 0, 0, 0, 0, 0, 0,  0, 0, 0, 0, 0, 0, 0, 0, 0, 0), y1 = c(2.68418401235841e-56, -1.27978187055717e+202,  5.3365152204516e+45, 3.88921190184872e-94, -4.46311678893556e+104,  -1.63480476688843e-149, 15733590.3896747, 5.76215166534232e-158,  -4.77773433024277e-161, 1.64143764396061e-305, 1.33835610223746e+306,  5.64950478202877e+79, -2.02976806556997e+102, 2.5076548143836e-136,  -1.5725332165418e-64, 4.13703282379926e-13, 1.04701634891362e-72,  4.00716240864506e+200, -1.52555373125725e-279, -9.25686809614821e-171,  -486831909108488, 1.90641899983271e-221, -1.01116874213478e+220,  -7.19067080863381e+144, -1.12992202381962e-138, -2.49563337124537e-48,  -1.31067632110107e-300, -6.94008960652555e-61, 3.71007635317323e+220,  35.1104873468226, -5.96365451092536e+121, -1.9184902359043e+38,  -5.27718872182859e+275, -3.43872535564899e-25, 3.5191415693355e-80,  -1.69363036505109e+123, 2.18226481769277e+143, 7.52928384240261e+27,  2.06696094255085e+160, 2.2349012611246e+137, -3.00978924729972e-59,  -1.56496634978464e+294, -3.0861140830332e+226, -1.11731773035424e-184,  1.84706819396496e+142, -8.10392541284365e-41, 1.02168900699641e-14,  -0.230881838873151, 7.0757772084779e-142, 2.88877808142027e-245,  -7.12126359642913e+239, 1.57639487226308e-77, -2.09236877741943e-295,  2.83735903384593e+277, -5.7845434606271e+168, 1.9770615455462e-64,  9.60735240454808e+300, 3.44554575027115e+55, 1.61339436246999e+156,  5.44745003369221e-305, -6.81320380626849e+267, -3.25835718110538e+50,  2.82037796512513e-222, 9.40596104106406e+148, 4.01519511411933e-126,  -2.119264626967e+283, -1.34433376726825e-182, 9.57081326414823e-179,  2.14960380545059e+129, -4.93286555240034e+132, -9.39643859895517e-95,  -2.30633332035764e+36, -6.95458877513572e+134, -2.0707346288142e+155,  -4.12713737540178e+27, 7.10008925452216e+190, -2.90920149015112e-206 ), y2 = numeric(0))
result <- do.call(palm:::euc_distances,testlist)
str(result)