testlist <- list(x1 = c(1.38591789067262e-309, 1.61080831675077e+82, 1.30508575592068e-231,  8.65820739822822e-304, 3.23899556100604e-319, 2.17138729034493e-185,  1.67539890957981e-156, 6.02671270978337e+301), x2 = c(-1.12992202381962e-138,  -2.49563337124537e-48, 15238841308.6079, -9.15669675256101e+176 ), y1 = c(1.92094471680779e+181, 8.17777954250279e+142, -9.59234437270596e+175,  -2.02232927822745e+180, -5.91136952346221e+207, 2.56305172977086e-198,  -3.81536878766042e-75, -4.48427390916797e+116, -5.60525839405712e-287,  1.22515571684856e-20, 3.01526867842834e+83, 1.04398710784353e+20,  -1.47136614010559e+140, 5.50023695075997e-88, 1697436762028.57,  -5.26399310292767e-170, -9.90147325624555e+171, 2.68952399599368e-154,  5.06499349422083e+64, -6.11266890520255e-183, -4.3699831328742e-301,  3.88041191948774e-32, -2.89847849776467e-77, -8.39124071109351e-100,  8.78295440121927e+76, 1.49436843720839e+66, -1.16670934342368e+64,  1.92122574580777e-219, -7.43209365534896e-219, 7.75875886777807e+179,  -4.43740981994732e-71, 1.11997184023658e-175, 2.51206673697011e+224,  1.37470680292201e+62, -1.83760591332318e-213, -1.46466996232833e+190,  5.44744787451244e-305, -6.81320380626849e+267, -4.75397469431543e-279,  -5.40340133541233e+87, -3.79870719255188e-72, 8.10617246845152e+287,  3.55745227666397e-206, 6.67589359619941e-152, 2.34344469928698e+200,  -1.27152826052558e+146, 6.50922834020944e-45, -3.54295143537755e+273,  8.3711615163724e+298, 1.42422293420091e+288, -7.01579599479762e+224,  8.01089510653709e-83, -3.87544783949129e-103, -3.11911418336415e-232,  16560569806305.7, 1.48602057508186e-65, -5.80113128883769e+120,  1.79981367919581e-301, 2.76149916173305e+300, 1.12510687773759e+218,  8.8204957550446e-107, 4.88992212436345e+225, 8.63717868155595e-34,  3.95482697625314e-143, -2.44861475326992e+44, -2.30095394909394e-135,  -3.14403593700638e+258, 8.80011477244453e+223, 8.80011477617474e+223,  8.80011477617474e+223, 8.80011477617474e+223, 8.80011477617474e+223,  1.90716718373895e+245, 6.78064613448325e+153, -5.51697674621371e+90,  -53056898959580792, -3.08737084965375e+282, 7.43688881769809e+21,  6.20274381579205e-86, -1.11762229980298e-247, 2.91534377976495e-306,  -1.80829318032896e-219, -3.55781214257691e-213, 5.88853388508349e+208,  -1.07355254332038e+37, -4.78191149111747e-259, 1.2174772553178e+271,  3.02134161855215e+287, -3315644500569486), y2 = c(-4.05998596719538e+271,  -5.06900960814143e+109, 1.16580561731632e+182, -1.85229510572827e+154,  1.79721319331212e-319, 0, 0, 0, 0, 0, 0, 0, 0, 0, 0, 0, 0, 0,  0, 0))
result <- do.call(palm:::euc_distances,testlist)
str(result)