testlist <- list(x1 = c(1.38591789067145e-309, 1.61080831675077e+82, 1.30508575592068e-231,  8.65820739822822e-304, 3.23899556100604e-319, 3.60732540310719e-185,  1.67539890957981e-156, 6.02670656259521e+301), x2 = c(0, 0, 0,  0, 0, 0, 0, 0, 0, 0, 0, 0, 0, 0, 0, 0, 0, 0, 0, 0, 0, 0, 0, 0,  0, 0, 0, 0, 0, 0, 0, 0, 0, 0, 0, 0, 0, 0, 0, 0, 0, 0, 0, 0, 0,  0, 0, 0, 0, 0, 0, 0, 0, 0, 0, 0, 0, 0, 0, 0, 0, 0, 0, 0, 0),      y1 = c(-2.5135646441774e-206, 8.64498702505597e-181, -1.2514734067622e+174,      -2.02232927822745e+180, -5.91136952346221e+207, 2.56305172977086e-198,      -3.81536878766042e-75, -4.48427390916797e+116, -5.60539618063187e-287,      1.2251557165626e-20, 3.01526867842834e+83, 1.04398710784353e+20,      -1.47136643467402e+140, 5.50023695075997e-88, 1697436762028.57,      -5.26399310292768e-170, -9.78259381417332e+171, -4.96129608357978e-135,      5.06499349422096e+64, -6.11266890520255e-183, -4.3699831328742e-301,      3.88041191948774e-32, -2.89847930850499e-77, -8.39124071109351e-100,      -3.34291829366405e-280, -1.63504834885405e-130, 3.29185129336987e+38,      -3.95985742638694e+124, 5.83607203670566e-12, 3.20421995381822e+208,      -38062657872.6284, 2.47743340634853e+224, 1.37470680292201e+62,      -1.83760591332318e-213, -1.46466996232833e+190, -6.84149053872743e-218,      -3.75383975336339e-25, -6.84655538176061e+119, 5.42448753660467e+54,      -3.47770141198379e+114, -3.56360121835458e+273, 8.37128875119215e+298,      8.14169137560581e+142, -2.41273257010037e-209, 6.2143378334571e-66,      -6.90891194980469e-117, 9.05984992169026e+225, 336104.9948816,      1.31655480476715e-43, 1.04734244840369e+173, -2.34817854795626e-78,      2.26283622915234e+149, 2.37052527326331e-73, -1.53752650190055e-252,      4.4757513284131e-302, -3.01956777572501e-102, -2.60532833661994e+211,      -2.55845859366708e-165, 4.88079759602146e-203, -1.01627676698242e+206,      6.07122342119978e-61, 2.24502554859773e-232, 2.71362580285759e-233,      -1.66760157662465e+184, -2.1138013288622e+200, -4.67224232581196e+259,      -8.05587834394273e+195, -467503693.40951, 5.12210133930091e-297,      3.21461206414412e+81, 2.98318277594709e-238, -1.20296876039363e+185,      -1.43837155180402e+114, 1.60597198071284e-140, -7.57007070722782e+66,      -4.82462070671862e-202, -2.40705366308531e-274, -1.20296890136679e+185,      -1.43837155180402e+114, 1.60597198071284e-140, -7.57007070722782e+66,      -4.82437951142942e-202, -2.40705366308531e-274, -1.57606951645377e+211,      -2.05623232058557e-201, 1.45617304938581e+53, 5.32141898268682e-242,      1.16930726994389e-282, 7.17422914086535e-189), y2 = numeric(0))
result <- do.call(palm:::euc_distances,testlist)
str(result)