testlist <- list(xs = c(3.0138004396316e-322, 0, 0, 9.94685527014971e-316,  0, 0, NaN, NaN, NaN, NaN, -5.09112313579967e+306, NA, NaN, -9.61801455067325e+307,  NaN, 1.41518956268465e+190, NaN, NaN, 3.7375513539561e+196, NaN,  -7.9487865034274e+233, -1.72611355403982e-77, 7.28440713420842e+168,  5.37986976831671e+228, 3.22270204554559e-115, 4.65556703367604e-10,  0, -1.47121335067552e+261, -3.79844548714288e+303, 5.13920713827562e-315,  0, 0, 1.6688053938804e-308, 5.01353294131052e-304, 2.21419194304927e-116,  -1.08535192420676e+164, -1.26057785594045e+24, -4.34747186651429e+149,  NaN, 5.41672578018379e-312, 2.11370674490681e-314, -9.55024477895605e+307,  NaN, -1.51929083932134e-64, NaN, NaN, -Inf, NaN, 1.39067116154077e-309,  2.78340073550847e-226, 1.10034470782565e-225, 2.75705925905971e+180,  7.10266884511954e+182, 11217707.1716792, 2.77448001762435e+180,  1.42100567471581e+181, 2.774942755717e+180, 2.77448001762435e+180,  8.9536890422463e+192, -8.27196239252574e+304, -5.48612408923086e+303,  NaN, -3.23787904345486e+163, NaN, NaN, 7.2911220195564e-304,  NaN, NaN, NaN, 0), ys = c(0, 2.21419310597979e-116, -1.08535192420676e+164,  -1.26057785593378e+24, -4.34747186651429e+149, NaN, -7.94888984905116e+233,  -1.72611355403982e-77, NaN, 4.61044394566038e-260, -7.10114335111105e+211,  -1.11290726698957e+164, 9.50675334272254e-310, 2.21419315323425e-116,  -2.97148535422499e+284, -8.70867334632487e+307, -5.48612408923109e+303,  5.06057123479434e+199, -1.0045933170893e+308, -2.71940182193817e+207,  -3.21804688494855e+163, 2.2250738585072e-307, 2.10626945655984e-231,  -1.12354106305844e+307, NaN, -8.77579704515484e+211, NaN, NaN,  4.61037058767059e-260, NaN, NaN, -5.8297855206332e+274, 7.29109659634819e-304,  -1.11149641384994e+164, -1.15172193140306e+164, -1.54262467194274e+303,  1.29035286663029e+214, 2.85062554651356e-109, 3.62473289151349e+228,  1.39234651750374e+190, 8.57596468695642e+194, 1.38668180947998e-309,  NaN, -5.48612545853721e+303, -2.97148535422133e+284, -8.70867334632487e+307,  2.51713433451862e-259, -1.07730831458867e+236, NaN, -3.23899825854598e+163,  2.21419422160066e-116, NaN, NaN, NaN, NaN, -1.07730879975219e+236,  -1.72574543289399e-77, NaN, 1.390671161567e-309, 2.14138842649074e-116,  -2.63555015344434e-82, NaN, NaN, 2.21450175512975e-116, NaN,  1.44295713785144e-312, NaN, 2.68156158598852e+154, 1.80107573659443e-226,  598133788779047, 2.77448004854065e+180, 2.7745294837047e+180,  -2.19816953728585e+209, NaN, -5.57720164640757e+303, -1.1143466347575e+164,  -1.15172193140306e+164, 5.98008216632464e+197, 2.11393559822604e-307,  1.08601191890087e-306, 9.26369954482563e+25, NaN, NaN, 7.2626410741675e-304,  NaN, -1.47123132737162e+261, 7.2911220195564e-304, NaN, NaN,  3.42235481166874e-310, -2.59776278775311e+154, 3.97376868041987e-312,  4.61037058771607e-260, NaN))
result <- do.call(precrec:::calc_auc,testlist)
str(result)