testlist <- list(xs = c(1.80107573659442e-226, NaN, -8.98846567430906e+307,  2.1621467280652e-116, 1.8010772387919e-226, 1.80107573659442e-226,  5.26232234281144e+193, -8.98846567430906e+307, -5.57586814654141e+303,  3.29316946385567e+180, 7.16440068726504e+300, 2.77440878646873e+180,  NaN, 5.53290466281806e-222, 1.80107573659442e-226, 5.54877482333739e+199,  NaN, 2.21419310597985e-116, -1.58624361430843e+212, NaN, NaN,  NaN, 3.0517578125e-05, -1.07719915274736e+236, -1.59648254280757e+265,  -3.56598064468022e+304, -1.01996429671031e+236, -5.00627961164844e+299,  -3.2181263123353e+163, -1.06637876538068e+236, NaN, -3.23921793068858e+163,  -1.57281948179255e+308, NA, NaN, NaN, 1.390671161567e-309, -5.48612406879369e+303,  5.06057123479434e+199, -1.0045933170893e+308, Inf, -1.00459075499873e+308,  -5.62193568557743e+303, 8.71325787124229e-311, 2.2250738576782e-307,  -8.72034092403441e-78, 2.2250738585072e-307, NaN, 1.80107573661735e-226,  -1.17037313467599e+304, 5.53290466281791e-222, 5.98004567053653e+199,  5.50815183790339e-310, 0, 2.21419310597979e-116, -3.23792019995377e+163,  -1.66451165801719e+235, -2.87895472377943e+163, 2.85263365758978e+180,  2.10639353969326e-231, NaN, 2.21595397237055e-116, NaN, NaN,  1.80107723952913e-226, 1.80107573659442e-226, 0), ys = c(-1.00459322280341e+308,  NaN, -2.03466811104955e+236, NaN, -1.68324348849548e+212, NaN,  NaN, NaN, NaN, NaN, NaN, NaN, NaN, -1.0109745050044e+308, -3.2392179320711e+163,  5.98008216632974e+199, 3.63970354425941e-310, 5.67154552308641e-310,  NaN, -2.56842638379903e+207, 1.44295713678426e-312, NaN, 1.44295713785144e-312,  -1.10364087796879e+283, NaN, 7.06416448598866e-304, NaN, 572295484337453,  1.40299359737417e-308, -4.8587284107328e-63, NaN, NaN, NaN, NaN,  NaN, Inf, NaN, -1.4712330579072e+261, NaN, -5.48612408923109e+303,  -5.82900682309329e+303, 5.98004567053653e+199, 2.02505235279875e-199,  -Inf, NaN, 2.11393560215287e-307, -2.49926756359569e+303, 5.43744843200937e-312,  NaN, NA, NaN, -1.08527804700099e+164, -1.26057785594045e+24,  -4.34747186651429e+149, 2.10380379587059e+183, NaN, -5.48612545853721e+303,  Inf, NaN, -1.63069670852683e+212, NaN, NaN, 36749372959343206400,  -5.3241119674005e+305, 572158505910269, 8.54518060466992e+194,  -5.23526733917147e+231, NaN, 3.91910664852587e+202, NaN, 1.41518956268465e+190,  NaN, 598133789196284, -1.65206600749158e+212, 1.73382072334858e+194,  -5.35532437742942e+305, NaN, NaN, 2.77432768536279e+180, -4.89573419788177e+305,  -3.79844567325598e+303, 1.390671161567e-309, -1.17973611729432e+308,  -9.27677138446032e+282, NaN, -8.04100773715196e-82, NaN, 0))
result <- do.call(precrec:::calc_auc,testlist)
str(result)