testlist <- list(xs = c(1.12414666149604e+79, -3.49121661589421e+304, 3.0138004396316e-322,  0, 0, 9.94685527014971e-316, 0, 0, NaN, 1.80107573660285e-226,  7.45644789161837e-119, 7.2626410741675e-304, NaN, -3.79844567387524e+303,  1.390671161567e-309, NaN, 3.24249267009691e-05, 2.77448796005206e+180,  2.77448001762435e+180, 5.63947642879294e+179, NaN, NaN, 1.80107573659451e-226,  7.14145824212352e-66, NaN, -2.56529167198192e+207, 2.21419311065463e-116,  NaN, 35740953739624706048, NaN, NaN, -7.9487865034274e+233, -1.72611355403982e-77,  NaN, 4.61044394566038e-260, -7.10114335111105e+211, -1.11290726698957e+164,  -1.26057785594045e+24, NaN, NaN, 1.390671161567e-309, -5.48612406879369e+303,  5.06057123479434e+199, -1.0045933170893e+308, 1.30793327609456e-309,  -2.78967803020943e+163, 2.85263365758978e+180, 2.10639353969326e-231,  NaN, 2.21595397237055e-116, NaN, -7.9487865034274e+233, -1.72611355403982e-77,  NaN, 4.61044394566038e-260, -7.10114335111105e+211, -1.11290726698957e+164,  -1.26057785594045e+24, NaN, NaN, 1.390671161567e-309, -5.48612406879369e+303,  5.06057123479434e+199, -1.0045933170893e+308, 1.30793327609456e-309,  -2.78967803020943e+163, 2.85263365758978e+180), ys = c(2.21595397237055e-116,  NaN, -2.30657036196914e+159, -1.66451165801719e+235, NaN, NaN,  NaN, -3.21812927365918e+163, NaN, NaN, NaN, NaN, NaN, NaN, NaN,  3.42235481166874e-310, -1.07730874100211e+236, -1.47123276464453e+261,  5.77336965726129e-114, NaN, NaN, NaN, NaN, 2.22069910728187e-116,  NaN, NaN, 3.23627819995392e-319, -3.79844547812636e+303, NaN,  NaN, 572295484337453, 5.55366085916692e-315, 6.35986304530675e-160,  NaN, NaN, -7.28236051158091e-304, -2.61106530733367e+207, NaN,  2.17373353732274e-116, -4.94690522900303e+173, 8.88644601279542e+192,  NaN, -1.02833271098609e-224, 7.29112201846481e-304, 1.20495993255144e-181,  5.38529044630877e-29, -4.36732702239946e+208, 2.77448793219718e+180,  2.78714333419487e+180, 7.80946698039059e+194, 3.32174622886959e+178,  2.77448001762435e+180, 6.64186826858638e+184, -1.04925372137136e+236,  -1.1235553629711e+307, 2.21419311065463e-116, -2.80027103296994e-82,  -2.97148535422133e+284, -9.5524392276271e+307, NaN, 1.44293123458251e-312,  3.69397027250756e-310, -9.27588053508546e+282, NaN, -1.51146277972262e+265,  -2.60106518183911e+154, NaN, NaN, NaN, NaN, NaN, NaN, NaN, NaN,  NaN, NaN, NaN, NaN, NaN, NaN, NaN, -2.5071895509518e+209, -8.98846567430906e+307,  NaN, -1.02833300810949e-224, -6.43258300149239e+217, 1.31563679466399e-312,  0, -2.56529166779586e+207, NaN, -2.80027103296994e-82, NaN, -2.46794482144583e-80,  0))
result <- do.call(precrec:::calc_auc,testlist)
str(result)