testlist <- list(xq = c(2.77448001498562e+180, NaN, -1.34765550664125e+28,  -1.5350448954154e+29, -1.34765550943381e+28, -1.34765550943381e+28,  -1.34765550943381e+28, -1.34765550942598e+28, NaN, NaN, NaN,  NaN, NaN, NaN, NaN, -Inf, NaN, NaN, 1.13195988485147e-72, -6.953355807835e-309,  6.60670667048843e-304, 2.75553767283643e+179, 1.71193746283992e-320,  0, 0, 0, 0, 0, 0, 0, NaN, 4.68403180200297e-299, 3.79212874880738e+146,  3.79212874880738e+146, 3.79212874880738e+146, 8.28904556439245e-317,  0, NaN, 1.13195988485331e-72, -7.20053784029172e+303, 5.6897706108329e-270,  -1.27708362636369e+305, -1.34765478347124e+28, -1.34765550943381e+28,  -1.34765550943381e+28, 6.32404026676796e-322, NaN, 5.69066586736627e-270,  2.05226840826509e-289, -1.34765550943381e+28, -1.34765550943377e+28,  -1.34765550943381e+28, 6.99532305949377e-310, 0, NaN, -6.85769710633415e+303,  NaN, -Inf, 1.38532398084515e-309, -7.19919846479136e+303, -1.03211274746279e-262,  6.76869934802508e-322, 9.73309322307256e-322, 2.92554549331498e-317,  0, 2.49167186510657e-319, 0, 1.24010477106153e-321, -6.85765509621081e+303,  NaN, 2.8480945442023e-306, NaN, -5.53300257039816e+303, 3.34311557065543e+178,  -2.72596855567787e-260, 2.85228542094358e+180, 7.06772460411368e-304,  -6.83557453718038e+124, 7.29228377533755e-304, NaN, 1.25986739689518e-321,  0, -3.62030403500807e+304, -1.01374331872422e-262, -1.01374331998156e-262,  NaN, 2.1219696089445e-314, 5.78562666990661e-307, -1.34765496423498e+28,  -1.34765550943381e+28, -1.30080418559141e+28, -5.75101780446828e+303,  -1.34765550943703e+28, NaN, -1.34765550943381e+28, -1.34752422764559e+28,  8.41160417942595e-289, NaN, NaN, 0), xvec = c(-1.01374331998156e-262,  NA, 4.06163256370381e-315, NaN, 7.02297184253757e+144, 3.79212874880738e+146,  3.79212874880738e+146, -3.33212115990104e+305, 3.24180903823545e+178,  1.87290548350948e-301, -1.01374331998156e-262, -1.01374331998156e-262,  -1.01374331998156e-262, -1.01374331998156e-262, NaN, -1.34765550659802e+28,  -1.34765550943381e+28, -6.20102779604429e-305, 0, NaN, NaN, NaN,  -Inf, NaN, Inf, 1.87290548350948e-301, -1.01374331998156e-262,  -1.0320409918867e-262, -1.01374331998054e-262, 1.13193048801292e-72,  9.45656386725265e-308, 2.41737052173936e+35, 1.13195949509904e-72,  2.4172588021127e+35, -1.27708362636703e+305, NaN, -1.03211274746279e-262,  2.91853476002613e-312, -1.34765550658361e+28, -1.07428466950853e+25,  -1.34765550943381e+28, -1.34765550943381e+28, -1.34765550943381e+28,  -1.34765550943709e+28, -1.34765550943381e+28, NaN, -1.34765551027296e+28,  NaN, NaN, 2.77448121254537e+180, 3.02477332489375e-306, 2.75553654282997e+179,  NaN, 2.92118534640501e-241, -1.01374331997664e-262, -1.01374331998156e-262,  NaN, -5.48617119744883e+303, 2.05226938308472e-289, -6.92615262090223e+274,  -1.06261684929686e-314, -6.85898932176434e+303, 0, NaN, -1.34765550943382e+28,  -1.34765550943381e+28, -1.34765550943381e+28, -1.34765499661432e+28,  -1.34765550943381e+28, -1.60246167651925e-260, -1.34765550943381e+28,  -1.31404737164852e+28, -1.34765550943381e+28, 1.13195988485147e-72,  -6.953355807835e-309, 6.60670667048843e-304, 2.75553767283643e+179,  1.71193746283992e-320, 0, 0, 0, 0, 0, 0, 0, -3.62030403010292e+304,  1.86580260238229e-104, NaN, 3.79212874880738e+146, 3.79212874880738e+146,  8.28904556439245e-317, NaN, 0))
result <- do.call(protViz:::lower_bound__,testlist)
str(result)