testlist <- list(xq = c(NA, -1.01374299810372e-262, -1.01374331998156e-262,  Inf, 1.2526905005528e-308, -3.17313629051179e+24, -1.34765550943381e+28,  -1.34765550943381e+28, -3.02231685283089e+24, 6.20102779604429e-305,  -1.34765551025854e+28, -1.34765550943381e+28, -1.34765550943381e+28,  -1.31404737164852e+28, -1.34765550943381e+28, 1.13195988485147e-72,  -6.953355807835e-309, -Inf, 2.75553767283643e+179, 1.71193746283992e-320,  0, 0, 0, 3.22526053605166e-319, 0, 0, 0, NaN, -3.3321211640302e+305,  3.79212875348818e+146, 3.79212874880738e+146, 3.79212874880738e+146,  5.43230902043661e-312, 0, NaN, NaN, 1.86580340595145e-104, -1.01374299810372e-262,  -1.01374331998156e-262, NaN, NaN, 2.12199568819962e-314, NaN,  1.13195988485332e-72, NaN, 7.2911220195564e-304, 0, 0, -5.48612406879634e+303,  0, 0, 0, 0, 0, 0, 3.87096820239183e+146, 3.79212806130517e+146,  3.79212874880738e+146, 3.79212874880738e+146, 7.29111982447741e-304,  -5.48612406879634e+303, NaN, NaN, NaN, 9.70103713376402e-268,  2.39019170139725e+35, 7.29112200975694e-304, -1.07428466950853e+25,  -1.34765550943381e+28, -1.34765550943381e+28, -1.34765550943381e+28,  -1.34765550943381e+28, -1.36173404321064e+28, 7.42989332139713e-198,  6.2010277918003e-305, NaN, 0), xvec = c(NaN, 1.34497461904942e-284,  6.63251700722245e-270, 2.41737052012611e+35, -1.34746966301576e+28,  -1.34765550943381e+28, -1.34765550943381e+28, 1.62868740151567e-319,  NaN, 6.86170267976729e-270, 2.113836265204e-314, 1.58174867617811e-256,  NaN, 1.14005269867055e-314, -1.34765478262121e+28, -2.0693022879074e+26,  5.75284736016035e-196, -Inf, -1.62597454369523e-260, -2.41785163924816e+24,  NaN, 4.68403180200297e-299, -Inf, 3.79212874880738e+146, 3.79212874880738e+146,  8.28904556439245e-317, 0, NaN, 5.43230922384344e-312, NaN, 2.77447924162592e+180,  -1.18728653121346e-308, NaN, 9.79032497743168e-307, 5.41146228013579e-312,  0, 1.04897533759559e-250, NaN, -1.34765550943709e+28, -8.42284290414037e+26,  NaN, NaN, 3.24220487552075e+178, 2.12455196887718e+183, 1.38533434371476e-309,  0, -1.01374331871035e-262, -1.34765550856573e+28, -1.34765550943381e+28,  -1.34765550943381e+28, -1.34765550943381e+28, -1.34765572056578e+28,  -1.34765550943381e+28, -1.34765550943381e+28, -1.34765550943381e+28,  -1.34765550943381e+28, NaN, 1.34497461904942e-284, -1.23820000795498e+294,  1.13195934720121e-72, 3.02610043752085e-306, NaN, 1.58489669409724e-154,  9.27302242501957e-68, 2.41737052002274e+35, 2.4173705217461e+35,  2.4173705217461e+35, -1.27707358115267e+305, 1.38547227159582e-309,  2.41725757966278e+35, 2.4173705217461e+35, 9.45656387471394e-308,  NaN, 2.99939362779126e-241, -1.01374331997664e-262, -2.24160878029707e+306,  1.13195937363412e-72, NaN, 2.77478592362418e+180, NaN, 1.14003526852863e-314,  1.86580260032361e-104, -1.01374299810372e-262, -1.01374331998156e-262,  -1.01374331998156e-262, -1.01374331998156e-262, -6.7223650422011e+91,  2.77428136196677e+180, 1.55076467863709e-267, NaN, NaN, 1.38532398084515e-309,  0))
result <- do.call(protViz:::lower_bound__,testlist)
str(result)