testlist <- list(xq = c(2.44047694750493e-152, 5.28757355311417e+180, NaN,  -1.94906280227296e+289, NaN, NaN, NaN, 1.11742600755598e-308,  NaN, -2.84878987447e-306, -5.82498353594791e+303, -2.10306928144696e-263,  6.42285339593621e-323, 0, 1.03845937170697e+34, 2.4173705217461e+35,  2.4173705217461e+35, 2.41737052174616e+35, 2.4173705217461e+35,  5.43230922395708e-312, 2.41737052174616e+35, NaN, 2.4173705217461e+35,  2.4173705217461e+35, 2.4173705217461e+35, 2.29274075407439e-271,  -1.34765572425519e+28, -5.48545639689302e+303, -1.34765550943381e+28,  -1.34765550943381e+28, -1.34765550943381e+28, -1.34765550943381e+28,  -1.34765550943381e+28, -1.34765550943381e+28, -5.75101780446828e+303,  -1.34765550943703e+28, -1.34765550943381e+28, -1.34765550943381e+28,  -1.34765550943381e+28, -1.34765550943381e+28, -4.66320545847458e+304,  -2.85157121679313e-306, -5.82498353594791e+303, -2.10306928144696e-263,  2.66183152017483e-310, 2.41737052176345e+35, 2.4173705217461e+35,  2.4173705217461e+35, 2.4173705217461e+35, 2.4173705217461e+35,  2.4173705217461e+35, 2.4173705217461e+35, 2.41737166065093e+35,  2.4173705217461e+35, NaN, 7.06684499107181e-304, 7.29112028800866e-304,  1.38532398052136e-309, -9.52157096125169e-307, 4.05265712948244e+178,  2.12455197126707e+183, 2.77478592362428e+180, 2.11641849774191e-289,  NaN, 2.12455197126707e+183, 2.12455196887718e+183, 1.38533434371476e-309,  0, -1.01374331871035e-262, NaN, 2.71615461243555e-312, NaN, 4.57671146818735e-246,  5.41142083896177e-312, NaN, -3.3321211640302e+305, 2.77447996330861e+180,  -1.18228710912994e-308, 6.95335576638977e-309, 2.05227035784483e-289,  -1.34765550943381e+28, -9.96658573014496e-307, 8.22724684527933e-317,  NaN, -4.66320545847463e+304, NaN, -1.49188956088638e+306, NaN,  NaN, -3.02610043899063e-306, 2.84809453893066e-306), xvec = c(-Inf,  7.53145605023392e+164, 1.06481649890019e+248, 8.37400866944377e+242,  1.1241466614968e+79, NaN, NaN, -1.34765550943381e+28, NaN, -6.90596191690105e+303,  NaN, 3.8068604489912e-311, -5.48616069262304e+303, NaN, NaN,  -1.34765550943382e+28, -1.34765550943381e+28, -1.36173382839254e+28,  -1.34765550943381e+28, -3.0578407735158e+307, -1.58456325028529e+29,  -1.34765550943381e+28, -4.93751166191426e+304, -2.71367090031299e-265,  -1.01374331998156e-262, -1.01374331998156e-262, -1.01374331998156e-262,  2.7330465840883e-195, NaN, 5.25999498327165e-287, NaN, NaN, 1.13195988485331e-72,  NaN, 1.04897534801195e-250, 2.41737010703021e+35, 2.77478592362419e+180,  -1.01366091925495e-262, -1.01374331998156e-262, NaN, NaN, 2.12199568819962e-314,  NaN, 1.13195988485332e-72, NaN, -1.58456325028529e+29, -1.34765572056578e+28,  -1.34765550943381e+28, -1.34765550943381e+28, -3.23660257667022e+25,  -1.34765550943381e+28, NaN, 1.34497461904942e-284, 2.85228542094352e+180,  7.06772460411368e-304, 2.1219957143851e-314, NaN, NaN, 1.25986739689518e-321,  0, NaN, 2.05629249432336e-289, 1.25986739689518e-321, Inf, 3.79243671542294e+146,  3.79212874612182e+146, 4.77831140655381e-299, NaN, 1.38525998973337e-309,  0, NaN, NaN, 2.84809725504383e-306, NaN, -6.85765509629065e+303,  NaN, 1.390671161567e-309, -7.19919846479136e+303, NaN, NaN, 1.13195937363412e-72,  0, NaN, -6.85769710633415e+303, 0))
result <- do.call(protViz:::lower_bound__,testlist)
str(result)