testlist <- list(xq = c(NaN, NaN, NaN, 1.13195988485334e-72, -4.66320545847463e+304,  9.72468898848386e-268, 2.32365196402985e-311, 0, 0, 0, 0, NaN,  7.02297184253757e+144, 3.79212874880738e+146, 3.79212874880738e+146,  -3.33212115990104e+305, 3.23785921002061e-319, -5.48612406879369e+303,  1.13195988485334e-72, 3.79195274824104e+146, 3.79212874880738e+146,  3.79212874880738e+146, NaN, 0, NaN, NaN, 2.05815972218043e+183,  -7.20053782157086e+303, 5.43230902882585e-312, NaN, NaN, 3.23785921002061e-319,  0, NaN, 1.11691036257878e-308, NaN, NaN, -5.56809614998726e-309,  1.31608280710351e+34, NaN, -1.34765550943377e+28, -1.34765550943381e+28,  6.99532305949377e-310, 0, NaN, -6.85769710633415e+303, -1.34747249643565e+28,  2.82329784784648e+180, -2.44819735599908e+299, NaN, -1.03211274746279e-262,  -1.29983704124968e+28, NaN, -6.83557453718052e+124, 7.29228377533755e-304,  -1.01374331998157e-262, 4.16191858655347e-317, 1.39064994160909e-309,  1.10311351566101e+34, 5.69757582915609e-306, 1.18425335917739e-309,  9.79031829314495e-307, NaN, 1.2526905005528e-308, -3.17313629051179e+24 ), xvec = c(2.05276944151487e-289, -2.24160878271493e+306, -4.66320545847463e+304,  6.32404026676796e-322, 2.12196341187911e-314, -1.07428397496164e+25,  NaN, -5.48612408923084e+303, -1.34765550943382e+28, -1.34765550943381e+28,  5.43230915122073e-312, -5.56270578463441e-309, -6.19725153252266e+26,  1.94693963033851e-308, NaN, -7.10361978179784e+24, 6.9953230586843e-310,  3.02594289999229e-306, NaN, -5.48612408923084e+303, -1.01374331998125e-262,  7.06772460413773e-304, 1.34497461903982e-284, NaN, 2.72744412550253e+180,  -9.82770195442444e-307, -6.85765509625074e+303, NaN, -4.71840956881649e+305,  1.03858633025557e+34, 2.4173705217461e+35, 2.4173705217461e+35,  4.41935729480941e+35, NaN, 2.88287218258813e-306, 1.30360088809726e-284,  -1.40444776161118e+306, 7.07306476953972e-304, 2.38845734841695e+35,  2.4173705217461e+35, 2.4173705217461e+35, 3.86014071235354e-23,  1.06548486071729e-255, 6.96396910242085e-310, 2.4173705217461e+35,  NaN, -1.30104596338267e+28, -1.34765550943381e+28, 9.07621704023063e-310,  -1.34765551027065e+28, NaN, NaN, 8.26197867205068e-317, 2.12196341187911e-314,  5.77662202428688e-275, NaN, -6.70891034754278e-309, 5.79695572632007e-270,  -4.66320544212696e+304, 1.25986739689518e-321, 5.68977061083203e-270,  -1.9464863595713e-308, -1.01374331998154e-262, -1.01374331998156e-262,  -1.01374331998156e-262, -1.01374331998156e-262, 2.48098702328795e-265,  2.724526549587e-312, NaN, NaN, 2.88287218258813e-306, 2.41737052174607e+35,  2.4173705217461e+35, 2.4173705217461e+35, 1.58463462657052e-154,  9.27302242501957e-68, 2.41737052002274e+35))
result <- do.call(protViz:::lower_bound__,testlist)
str(result)