testlist <- list(xq = c(NaN, 3.02540511731473e-306, NaN, NaN, 2.9371083578894e-306,  NaN, 6.60670668406889e-304, 1.13195934549637e-72, 2.74463347577729e-319,  -5.82766743733458e+303, NaN, 2.72311959980713e+180, -2.71367090029118e-265,  -1.01374331998156e-262, -1.01381479526244e-262, -1.01374331998155e-262,  2.75553715627673e+179, 2.66183151712012e-310, NaN, 0, 0, 0, 0,  0, 0, 0, 0, 0, 1.39067116156574e-309, -7.19936591854758e+303,  4.68403180200283e-299, 3.79212874607833e+146, 3.79212874880738e+146,  3.79212874880738e+146, 5.43230902043661e-312, 0, NaN, NaN, NaN,  1.04897534801195e-250, 2.41737010703021e+35, -1.30007882641353e+28,  -1.34750061581317e+28, -Inf, -1.34765550942268e+28, -1.30800274255045e+28,  NaN, -1.34765550943381e+28, -3.0578407735158e+307, -1.34765550943382e+28,  -1.34765550943381e+28, NaN, -1.34765550943709e+28, NaN, 2.77478592359998e+180,  1.99661024028971e-285, 8.25723613591625e-317, 0, -1.01374331998156e-262,  NaN, -5.43230922486616e-312, NaN, NaN, 2.0527675162143e-289,  2.05477165391853e-289, NaN, 7.2911220195564e-304, 1.30294448412385e-284,  NaN, NaN, NaN, NaN, 6.20102779181538e-305, NaN, 2.48104025832397e-265,  -4.69526162922544e+305, -6.70891034754278e-309, NaN, NaN, NaN,  7.06684499107181e-304, 0), xvec = c(NaN, 9.74556274941874e-309,  3.80261645740977e-311, NaN, -2.24160940009126e+306, 3.23785921002061e-319,  1.30360088809726e-284, NaN, NaN, NaN, NaN, 2.05276749315942e-289,  -5.56809573569749e-309, 7.29112200597573e-304, 0, 1.30819924947236e-284,  2.77447941172549e+180, 5.68607375611214e-270, 7.06772460416207e-304,  2.7653624296952e+180, 2.77447957708784e+180, NaN, 7.06727965490727e-304,  0, 9.69156350907822e-268, 7.06683468369195e-304, -1.3010454966917e+28,  -5.7510178044081e+303, -1.34765550943703e+28, -1.34765550943381e+28,  2.77447941174869e+180, 5.68607375611214e-270, -1.34765550943381e+28,  -1.34765550743061e+28, -3.0578407735158e+307, NaN, 3.64667041600304e+178,  1.87290548350948e-301, -1.01374331998156e-262, -1.01374331998156e-262,  -1.01374331998156e-262, -1.01374331998156e-262, -1.3476555582417e+28,  -1.34765550943381e+28, -1.34765550943381e+28, -6.20102779604429e-305,  -1.36149225436639e+28, -1.34765550943381e+28, -1.34765550943381e+28,  -1.34765550943381e+28, -1.34765550943381e+28, NaN, NaN, -5.48679637806016e+303,  2.41737052176345e+35, 2.4173705217461e+35, NaN, 7.29111920833637e-304,  1.1319593450928e-72, 9.69392502825684e-268, -5.82364928069854e+303,  NaN, 3.23785921002061e-319, 0, 0, 0, 0, 0, 0, 0, 0, NaN, 4.68403180200297e-299,  3.79212874880738e+146, 7.82225899232523e-315, -1.34765550942268e+28,  -1.30800274255045e+28, -1.34765550943381e+28, -1.34765550943381e+28,  -3.0578407735158e+307, NaN, -1.34765550943381e+28, NaN, -1.34765572425519e+28,  NaN, -1.5845626422806e+29, -1.34765550943381e+28))
result <- do.call(protViz:::lower_bound__,testlist)
str(result)