testlist <- list(xq = c(-3.49279453807002e+304, NaN, -4.50825162240548e+304,  -6.8603390894857e+303, -5.48612408915251e+303, 2.60092514677932e-289,  3.02540648063493e-306, -7.06327445644526e-304, 4.14452302922905e-317,  3.90410290265475e-270, 1.03174956156456e+113, -1.34765550943381e+28,  NaN, -1.34765550943709e+28, NaN, -5.82900682302905e+303, -4.66320545847463e+304,  -7.2902319900132e-304, 0, 0, 2.85087588121235e-306, 1.13195988485334e-72,  7.06683803792882e-304, -5.48612406879369e+303, 1.97626258336499e-323,  NaN, -3.3321211640302e+305, 2.77092038417061e+180, -9.92648733971577e-263,  -1.01374331998156e-262, -1.01374331998156e-262, 4.77783808228078e-299,  -1.44867963168386e+306, -1.34765550943377e+28, -1.34765550943381e+28,  NA, -1.34765550943377e+28, -1.34770955921872e+28, -1.34765550943381e+28,  -1.34765550943381e+28, 1.407018002725e-25, -1.34765550943381e+28,  NaN, NaN, -7.19919846479136e+303, NaN, 1.12206331841167e-315,  0, 2.05226840064919e-289, 7.18749248972271e-68, 0, 0, 0, 0, NaN,  3.79212995180197e+146, 3.79212874879689e+146, 3.79212874880738e+146,  6.75724390599207e-307, -1.34746871854247e+28, -1.34765550943381e+28,  -1.34765550943377e+28, -1.34765550943381e+28, -1.34765550943381e+28,  -1.34765572425191e+28, -1.34765550943381e+28, NaN, -1.34771050370639e+28,  -3.0578407735158e+307, NaN, NaN, 4.57671146818735e-246, 5.41142083896177e-312,  -1.3476555094229e+28, 2.77448002053412e+180, 7.00727389438422e-310,  NaN, 7.47144936924518e-310, NaN, -5.5517539709262e+303, 3.03365328514335e-294,  1.30360088809726e-284, -1.40444776161118e+306, 7.07306476953972e-304,  2.38845734841695e+35, 2.4173705217461e+35, 2.4173705217461e+35,  3.86014071235354e-23, 1.06548486071729e-255, 6.96396910242085e-310,  2.4173705217461e+35, NaN, 2.11371294197221e-314, 5.78562666990661e-307,  NaN, NaN, 1.03174956156456e+113, 2.38845734841695e+35, 0), xvec = c(2.4173705217461e+35,  NaN, NaN, NaN, -6.38463948476693e+26, -1.34765550943381e+28,  6.40369402425613e-317, 4.88918441512517e-310, 6.20102778624488e-305,  -1.34765551025854e+28, -6.20102779604429e-305, NaN, NaN, -2.85087589182233e-306,  -1.23820025008313e+294, 2.12455096215897e+183, -2.44819735599908e+299,  4.70950619759058e-299, 7.2911220195048e-304, 0, 6.75724265702095e-307,  0, 9.34704188692041e-307, 2.77448001601228e+180, 2.18004199926504e-289,  1.04889941368988e-250, NaN, 2.39019170142029e+35, -6.85765509623304e+303,  NaN, NaN, 2.18004391957808e-289, 4.72665585952319e-288, NaN,  -1.34765550942273e+28, -1.34765550943377e+28, -1.34765550943381e+28,  -1.34765550943381e+28, -1.34765550943381e+28, NaN, -1.34765550943381e+28,  -1.34759506313299e+28, NaN, NaN, 2.77427939482766e+180, 5.69066586736614e-270,  NaN, 1.25986739689518e-321, NaN, 2.77448121256966e+180, -1.49157131812944e+306,  NaN, NaN, NaN, NaN, NaN, NaN, NaN, NaN, NaN, NaN, NaN, NaN, NaN,  NaN, NaN, -2.28593905057675e+306, NaN, 2.05629434863604e-289,  NaN, 1.390671161567e-309, 0, 0, 0))
result <- do.call(protViz:::lower_bound__,testlist)
str(result)