testlist <- list(xq = c(3.1315116161384e-294, 1.78205313391428e-77, -4.66320545847463e+304,  1.06517479710397e-314, -5.48612406879369e+303, NaN, NaN, -5.9800850290806e+197,  0, 1.06928694104703e-314, NaN, 9.32179005893914e+178, 5.71014430618462e+183,  NaN, -6.85768032618856e+303, 1.11689982305672e-308, 3.79195274824097e+146,  3.79212874880738e+146, 3.79212874880738e+146, NaN, 0, NaN, NaN,  NaN, -5.56809614998726e-309, 6.57303098775134e-285, NaN, -1.34765550942273e+28,  -1.34765550943377e+28, -1.34765550943381e+28, -1.34765550943381e+28,  -1.34765550943381e+28, NaN, -1.34765550943381e+28, -1.34759506313299e+28,  NaN, NaN, 2.77427939482766e+180, -6.68084142863429e+91, 2.11385245277082e-314,  0, -1.01374331998154e-262, NaN, NaN, 4.16083855905166e-317, NaN,  -3.02553820352374e-306, -2.937446524423e-306, -2.937446524423e-306,  -6.85765509625089e+303, NaN, -2.88216598234748e-306, -2.937446524423e-306,  -1.34765550943381e+28, 4.16953707881234e-317, NaN, 1.25986739689518e-321,  -5.82900866249965e+303, NaN, NaN, 5.43230922486616e-312, 1.34497461654424e-284,  2.77447941172549e+180, -1.18228710912994e-308, 6.95335576638977e-309,  -5.41142083490549e-312, 5.8867111973385e-306, 1.18425335917739e-309,  NaN, 2.37151510003798e-322, 7.29174783516153e-304), xvec = c(-1.01374331998156e-262,  1.13193048801292e-72, 9.45656386725265e-308, 2.41737052173936e+35,  2.4173705217461e+35, 2.4173705217461e+35, 7.12671420320787e-304,  2.05276756964168e-289, 2.41737008056608e+35, 2.4173705217461e+35,  2.66183151784877e-310, 1.05653059989238e+34, 2.29274075407438e-271,  -1.34765572425519e+28, -5.48579124333276e+303, 1.6393457675405e-314,  NaN, 1.76982484061372e-77, -6.67988032710156e+91, 5.75909740239724e-310,  1.55972921381541e+34, -5.75101780446805e+303, -1.34765550943703e+28,  -1.34765550943381e+28, -1.34765550943381e+28, -1.34765550943381e+28,  -1.34765550943381e+28, -4.66320545847458e+304, -2.85157121679313e-306,  -5.82498353594791e+303, -2.10306928144696e-263, 2.66183152017483e-310,  2.41737052176345e+35, 2.4173705217461e+35, 2.4173705217461e+35,  2.4173705217461e+35, -2.8508758841665e-306, -5.82498353594791e+303,  -9.52261398844351e-307, 3.44364610394025e+178, -5.06025446121451e-183,  -7.19921938243537e+303, -4.663201272958e+304, -7.29111920833637e-304,  -5.48612406879384e+303, 7.2911185428786e-304, -6.85770215724714e+303,  NaN, 2.77448001459311e+180, 2.85403097154528e-306, NaN, -6.68084142863451e+91,  2.11385245277082e-314, 0, 6.63251700700187e-270, 2.77428136199697e+180,  -6.86411658397889e+303, 7.09831312284107e-270, NaN, NaN, 2.73477182965183e+180,  -9.82770195442444e-307, NaN, 7.06683464013549e-304, -5.49688117484834e+303,  -6.85768032618856e+303, 1.11689982305672e-308, -1.34765550943381e+28,  1.13195988485147e-72, -6.953355807835e-309, 6.60670667048843e-304,  2.75553767283643e+179, 1.71193746283992e-320, 0, 0, 0))
result <- do.call(protViz:::lower_bound__,testlist)
str(result)