testlist <- list(xq = c(NaN, -7.06695996585387e-304, 4.14464901596874e-317,  0, 0, -1.34765550943377e+28, -1.34750061581317e+28, -1.34765550943381e+28,  -1.34765550943381e+28, 6.40369402425613e-317, 0, 0, 0, -1.34771050286724e+28,  -1.34765550943381e+28, NaN, 0, 0, 0, NaN, -1.34765550943709e+28,  NaN, 2.12196973542531e-314, -5.48612406879369e+303, 0, -2.48104025832402e-265,  -1.31294704556579e-262, -1.01368456487778e-262, -3.27325816146084e-308,  3.79212874882063e+146, NaN, 1.25986739689518e-321, NaN, -4.66320545847463e+304,  NaN, 2.18004391957808e-289, 4.72665585952319e-288, NaN, -1.34765550942273e+28,  -1.34765550943377e+28, -1.34765550943381e+28, NaN, 2.71615493622147e-312,  -1.0122647508237e-262, 2.77447924164155e+180, -1.18728653121346e-308,  NaN, 9.79032497743168e-307, 5.41146228013579e-312, 0, 1.04897533759559e-250,  -1.30007789669812e+28, -9.52157351482418e-307, 4.05265712948244e+178,  NaN, 2.66183152018679e-310, 7.47154717997608e-310, -1.34765477978189e+28,  5.44880654140028e-146, -1.34765550943381e+28, -1.34765550943381e+28,  -1.34765550943381e+28, -1.34765551027294e+28, -1.34765550943381e+28,  NaN, -1.34765572425519e+28, NaN, -1.62597391980083e-260, -1.01374331998156e-262,  -6.85770125412943e+303, -1.34747249643565e+28, 2.82329784784648e+180,  -2.44819735599908e+299, 7.18613616575712e-304, -1.62597454369523e-260,  -2.41785163924816e+24, NaN, NaN, NaN, 7.29111920833637e-304,  1.1319593450928e-72, NaN, -5.48612928424375e+303, NaN, -1.62597454229923e-260,  -1.34771050369972e+28, -1.34765550943381e+28, NaN, -1.34765550943709e+28,  -8.42284290414037e+26, NaN, NaN, NaN, 8.56040199146591e+180,  -9.92648733971562e-263, -1.01374331998156e-262, -1.01374331998156e-262,  5.43230922428316e-312, 7.067721562175e-304, 2.7744800176151e+180 ), xvec = c(4.0855724866334e-205, -1.34770955922118e+28, -1.34765550943381e+28,  -1.34765551026968e+28, 1.407018002725e-25, -1.34765550943381e+28,  NaN, NaN, -3.62030403010629e+304, -1.01374331872422e-262, -1.01374331998156e-262,  NaN, 4.8933222677839e-311, -1.3010454966917e+28, -1.34765550943381e+28,  -1.34765550943381e+28, -1.30080418559141e+28, -5.75101780446828e+303,  -1.34765550943703e+28, -1.34765550943381e+28, -1.34765550943381e+28,  -1.34752422764559e+28, -1.34765550943381e+28, -4.66320545847458e+304,  -2.85157121679313e-306, -5.82498353594791e+303, -2.10306928144696e-263,  6.42285339593621e-323, 0, 0, 0, 0, 0, 0, 0, NaN, 7.02297184253757e+144,  3.79212874880738e+146, 3.79212874880738e+146, -3.33212115990104e+305,  3.23785921002061e-319, -5.48612406879369e+303, 1.13195988485334e-72,  -4.66320545847463e+304, 7.06772460416227e-304, 1.55972921382214e+34,  NaN, -1.34765550659802e+28, -1.34765550943381e+28, -6.20102779604429e-305,  0, NaN, 1.11691036257878e-308, -3.02231454907162e+24, -1.34765550943381e+28,  8.50649897059565e+180, -2.72596855567787e-260, NaN, 4.45333036204614e-317,  NaN, 1.02613797710536e-288, NaN, -5.43230922486616e-312, -6.85769710625683e+303,  -1.34765550943377e+28, -1.34765550943381e+28, -3.05784076897052e+307,  -3.05784076865096e+307, NaN))
result <- do.call(protViz:::lower_bound__,testlist)
str(result)