testlist <- list(xq = c(NA, 4.85787505972498e-33, 1.58489669409724e-154,  9.27302242501957e-68, 2.4173700835038e+35, 2.4173705217461e+35,  NaN, -5.58159367082038e+303, 2.4173705217461e+35, 2.26699424106554e-77,  1.34497461702372e-284, -5.9800850290806e+197, 0, 2.72684748184602e-312,  1.39067108029425e-309, 1.13195988314847e-72, 2.72684748184602e-312,  2.73729167988462e-312, -4.66320128924406e+304, 2.4173705217461e+35,  2.4173705217461e+35, 2.4173705217461e+35, NaN, NaN, -4.66320545847463e+304,  2.77447923392657e+180, 3.18344688792418e-314, -9.92416103338852e-263,  -2.9313247440123e-263, -1.01374331998156e-262, 1.8596298291087e-243,  1.03977793756804e-312, 2.21141172544785e-236, 3.81573682711802e-236,  -5.50629364257602e+303, 0, -5.48612406879369e+303, NaN, -Inf,  -5.75101780446828e+303, -1.34765550943703e+28, 4.19672516587699e-312,  2.13746158061307e-306, -1.30007788562964e+28, -1.34765550943381e+28,  -1.34765550943381e+28, -5.4861240891515e+303, 1.34497403158148e-284,  1.39067111138068e-309, NaN, NaN, 7.06327445639221e-304, 0), xvec = c(1.19356378722328e-319,  7.29174783516153e-304, NaN, 7.29112200857507e-304, 4.08557503534253e-205,  -4.60919814160774e+305, 3.23785921002061e-319, NaN, 7.2911220195564e-304,  -1.29983704124965e+28, -1.36149225437178e+28, -1.34765550943381e+28,  -1.34765550943381e+28, -1.34765550943381e+28, -1.34765550943381e+28,  NaN, NaN, -5.48679376175301e+303, NaN, 2.72311959980713e+180,  -2.71367090029118e-265, -1.01374331998156e-262, -1.01381479526244e-262,  -1.01374331998155e-262, 2.75553653795073e+179, 9.45656389853294e-308,  2.41737052173936e+35, -1.27708362636703e+305, 3.03365328514335e-294,  8.55840751922874e+180, 1.55076467863709e-267, 1.86580260040487e-104,  2.13746700764944e-306, NaN, -7.02912170336861e+303, 0, -1.01366001054151e-262,  1.1318959433387e-72, 4.38305891117249e-318, NaN, 1.76982484061372e-77,  -6.67988032710156e+91, 5.75909740239724e-310, 1.55972921381541e+34,  2.75553768245989e+179, 1.87290548350948e-301, -1.01374331998156e-262,  -1.01374331998156e-262, 4.77831217498088e-299, 3.48377786682306e+125,  2.41725915496093e+35, 2.4173705217461e+35, 2.4173705217461e+35,  2.4173705217461e+35, 2.4173705217461e+35, 2.4173705217461e+35,  7.29264478487939e-304, 3.03365328514335e-294, 8.55840751922874e+180,  -9.52261409454346e-307, 6.32404026676796e-322, 8.28891957765276e-317,  5.69066586731129e-270, -1.34765550942268e+28, -1.34765550943381e+28,  -1.34765550943381e+28, -1.34765550943381e+28, 1.13195988485147e-72,  -6.953355807835e-309, 6.60670667048843e-304, 2.75553767283643e+179,  9.45656389853294e-308, 5.79695672758394e-270, NaN, 2.41737052174616e+35 ))
result <- do.call(protViz:::lower_bound__,testlist)
str(result)