testlist <- list(xq = c(1.32134006092709e-105, 1.23610219531719e+224, 3.50636395563941e+151,  1.68048229156452e+117, 1.5319122082349e-94, -1.30080418558649e+28,  -5.75101780446828e+303, -1.34765550943703e+28, -1.34765550943381e+28,  -1.34765550943381e+28, -1.34752422764559e+28, -1.34765550943381e+28,  -4.66320545847458e+304, -2.85157121679313e-306, -5.82498353594791e+303,  -2.10306928144696e-263, 6.42285339593621e-323, 0, 0, 0, 0, 0,  0, 0, NaN, 7.02297184253757e+144, 3.79212874880738e+146, 3.79212874880738e+146,  -3.33212115990104e+305, 3.23785921002061e-319, -5.48612406879369e+303,  1.13195988485334e-72, -4.66320545847463e+304, 7.06772460416227e-304,  1.55972921382214e+34, NaN, -1.34765550659802e+28, -1.34765550943381e+28,  -6.20102779604429e-305, 0, NaN, 1.11691036257878e-308, -3.02231454907162e+24,  -1.34765550943381e+28, 8.50649897059565e+180, -2.72596855567787e-260,  NaN, 1.73955573244244e-319, 0, 0, 0, 0, NaN, 3.79212995180197e+146,  3.79212874879689e+146, 3.79212874880738e+146, 3.79212874880738e+146,  5.43230902043661e-312, 0, NaN, NaN, NaN, 1.04897534801195e-250,  2.41737010703021e+35, -1.30007882641353e+28, -1.34750061581317e+28,  3.7923257709279e+146), xvec = c(0, NaN, NaN, NaN, 5.68977061788357e-270,  -1.27708362636369e+305, -1.34765478347124e+28, -1.34765550943381e+28,  -1.34765550943381e+28, 6.32404026676796e-322, NaN, 5.69066586736627e-270,  -1.34765551025877e+28, -1.34765550943381e+28, -1.34765550943381e+28,  NaN, -1.34747249643565e+28, 2.82329784784648e+180, -2.44819735599908e+299,  NaN, -1.03211274746279e-262, -1.58436982215417e+29, 4.06390557641558e-300,  -1.34765527331545e+28, NaN, NaN, 2.77447923394155e+180, 1.99661024028971e-285,  8.25723613591625e-317, 0, -1.29996694151419e+28, -1.34765528719709e+28,  -1.34765550943381e+28, -1.34765550943381e+28, 1.39435021511782e-308,  -3.0578407735157e+307, NaN, 6.98052149848234e-310, 4.77831423021779e-299,  3.48377786682306e+125, 2.11373912399298e-314, 0, 0, 0, -2.41785163922926e+24,  -1.34765550943381e+28, -1.34765550707032e+28, -1.34765550943381e+28,  -1.34765550943381e+28, -1.36173382839254e+28, -1.34765550943381e+28,  -3.0578407735158e+307, -1.58456325028529e+29, -1.34765550943381e+28,  -4.93751166191426e+304, NaN, NaN, 2.78155502037965e-309, 6.20102779604429e-305,  1.34497461654424e-284, 2.77447941172549e+180, -1.18228710912994e-308,  6.95335576638977e-309, -5.41142083490549e-312, -1.347468748173e+28,  NaN, -1.34765550943381e+28, 7.41841230136257e-68, -1.34765478347124e+28,  -3.0578407735158e+307, 3.23785921002061e-319, 0, 0, 0, 0))
result <- do.call(protViz:::lower_bound__,testlist)
str(result)