testlist <- list(xq = c(-7.29111920833637e-304, -4.66320545847463e+304, NaN,  -1.29983704126406e+28, 5.25999498327158e-287, -1.34765550943382e+28,  -1.34765550942458e+28, -1.34765550943381e+28, 0, -1.29983704124965e+28,  -1.34765550943381e+28, -1.34765550942458e+28, -1.34765550943381e+28,  -1.34765550943381e+28, -1.34771050286724e+28, -1.34765550943381e+28,  NaN, -1.36173404321392e+28, -1.34765550943381e+28, NaN, NaN,  -4.66320545847463e+304, 2.85435255911627e-306, NaN, 6.19369108939691e-212,  -6.46155693915208e+307, NaN, 5.44880654140011e-146, 4.16955140671607e-317,  1.39064994160909e-309, 4.19670257416704e-312, -1.34765550658361e+28,  -1.07428466950853e+25, -1.34765550943381e+28, -1.34765550943381e+28,  -1.34765550943381e+28, -1.34765550943709e+28, -1.34765550943381e+28,  NaN, -1.34765551027296e+28, NaN, -1.03211274555882e-262, 6.96375358571238e-310,  NaN, 7.06727965490727e-304, 0, 4.69039258359289e+279, 3.0254065712563e-306,  1.58174871856728e-256, NaN, 2.77448029696227e+180, 9.93310488515311e-268,  1.34497429838253e-284, 1.50728299247141e-312, 4.08519016484422e-205,  2.72362418474253e+180, NaN, NaN, NaN, 1.13195988485334e-72, 2.77427939099225e+180,  -9.92648733971577e-263, -1.01374331998156e-262, 4.50734901078127e+219,  -1.01374331998156e-262, NaN, NaN), xvec = c(1.86580260758002e-104,  -1.01374331998156e-262, 4.77831427545061e-299, 3.48377786682306e+125,  NaN, -1.36173404321392e+28, -3.0578407735158e+307, -1.34765550664125e+28,  NaN, -1.34765550943381e+28, -1.34765550943381e+28, -1.34765550943381e+28,  -1.34765550942598e+28, NaN, NaN, -5.48679637806016e+303, -5.82900161131527e+303,  7.3535541959213e-311, 0, 0, 0, 0, 0, 0, 1.86580260758002e-104,  0, 3.87096820239183e+146, 3.79212806130517e+146, 3.79212874880738e+146,  3.79212874880738e+146, 7.29111982447741e-304, 0, NaN, NaN, NaN,  NaN, -5.56809614998726e-309, 1.31608280710351e+34, NaN, -1.34765550943377e+28,  -1.34765550943381e+28, 6.99532305949377e-310, 0, NaN, -6.85769710633415e+303,  -1.34747249643565e+28, 2.82329784784648e+180, -Inf, NaN, -1.03211274746279e-262,  4.54540869158183e-306, NaN, 7.29112201955623e-304, 1.72723371101889e-77,  NaN, -3.3321211640302e+305, 3.79212915816291e+146, 3.79212874880738e+146,  3.79212874880738e+146, 5.43230902043661e-312, 0, NaN, NaN, NaN,  5.6897706108329e-270, -1.27708362636369e+305, -1.34765478347124e+28,  -1.34765550943381e+28, NaN, NaN, NaN, 1.13195988485334e-72, 7.06683803792882e-304,  -5.48612406879369e+303, 1.81828322435768e+185, -6.51931701164166e+91,  NaN, -5.56270578463441e-309, -5.06025446121454e-183, 4.14560256266521e-317,  NaN, -2.24160940009126e+306, 1.99660927201608e-285, 7.1068859040718e-304,  NaN, NaN, 7.2911220195564e-304, 0))
result <- do.call(protViz:::lower_bound__,testlist)
str(result)