testlist <- list(xq = c(4.77830972673648e-299, NaN, 2.97079411367542e-313,  NaN, NaN, -2.24160940009126e+306, -3.02610043870051e-306, -7.29023199001299e-304,  6.2007245921046e-305, -1.34765551025854e+28, 2.41737052174607e+35,  -1.30885041288985e+28, -1.34765550943381e+28, -1.34765550943381e+28,  -1.34765550943381e+28, -2.44677613391151e+24, -1.34765550943381e+28,  -1.34765550943381e+28, NaN, -1.34765550943382e+28, -1.34765550943381e+28,  -1.34765550943381e+28, -1.34765550943381e+28, -1.34765550943381e+28,  NaN, -Inf, NaN, 1.85962982911652e-243, 1.03977793756804e-312,  2.41737052174616e+35, 2.4173705217461e+35, 2.4173705217461e+35,  2.4173705217461e+35, 2.4173705217461e+35, 2.4173705217461e+35,  2.4173705217461e+35, 1.39067116133336e-309, 2.05276751621419e-289,  4.08557275398055e-205, -4.6117747199981e+305, NaN, NaN, 1.81828322435774e+185,  -6.51931701164166e+91, NaN, NaN, -6.85769710633415e+303, -1.34747249643565e+28,  2.82329784784648e+180, -2.44819735599908e+299, NaN, -1.03211274746279e-262,  -1.29983704124968e+28, -1.34765527331544e+28, NaN, NaN, -6.85898932176459e+303,  1.99849736521749e-285, 8.25723613591625e-317, 0, 0), xvec = c(1.38818842649157e-309,  0, 0, 0, NaN, 3.79212995180197e+146, 3.79212874879689e+146, 3.79212874880738e+146,  3.79212874880738e+146, 6.49804992593592e-275, 0, NaN, 3.14528516531236e-208,  NaN, 1.04897534801199e-250, 2.41737010703021e+35, -1.30007882641353e+28,  -1.34750061581317e+28, -1.34765550943381e+28, -1.34765550942615e+28,  -1.34765550943381e+28, -1.34765550943381e+28, -1.34765572425519e+28,  -1.30539977414509e+28, NaN, NaN, NaN, 6.95526560404682e-310,  NaN, 7.06727965490727e-304, 0, -1.01374299455406e-262, -1.9464863595713e-308,  -1.01374331998154e-262, NaN, -9.92571166432537e-263, -1.01374331998156e-262,  -1.01374331998156e-262, -6.7223650422011e+91, NaN, -1.34746871855356e+28,  -1.34765550707032e+28, -1.34765550943381e+28, -1.34765550943381e+28,  -7.29091958146417e-304, -1.34765550943381e+28, -8.14213648346729e+303,  -1.34765551027296e+28, -1.5350448954154e+29, -1.34765550943381e+28,  -1.34765550943381e+28, -1.34765550943381e+28, -1.34765550943381e+28,  -1.34765550943381e+28, -1.34765550943381e+28, NaN, -1.34765550943382e+28,  -1.34765550943381e+28, -1.34765550943381e+28, -1.34765550943381e+28,  -1.34765550943381e+28, NaN, 2.93711107400257e-306, -Inf, -Inf,  1.03977793756804e-312, 2.41737052174616e+35, 2.4173705217461e+35,  2.4173705217461e+35, 2.4173705217461e+35, 2.4173705217461e+35,  Inf, 2.4173705217461e+35, 1.39067116133336e-309, 2.05276751621419e-289,  4.08557275398055e-205, -4.6117747199981e+305, NaN, 6.95791892769014e-310,  1.3036008880929e-284, NaN, 0))
result <- do.call(protViz:::lower_bound__,testlist)
str(result)