testlist <- list(xq = c(1.39064994160909e-309, 7.06684499107181e-304, 3.05473950561533e-05,  -1.34765550942296e+28, -1.58451925486722e+29, -1.34765550943381e+28,  -1.34765550943381e+28, NaN, -3.0578407735158e+307, NaN, -4.66320545847443e+304,  -5.48612406887352e+303, -1.49222574248134e+306, 7.106885904072e-304,  NaN, 2.41766322475528e+35, 2.4173705217461e+35, NaN, NaN, 2.84809725504383e-306,  NaN, 5.43224220015779e-312, -1.9464863595713e-308, -1.01374331998154e-262,  1.14005264037081e-314, NaN, 2.77448001459311e+180, 2.85403097154528e-306,  -9.35248353437694e-307, NaN, 2.11385245277082e-314, 0, 6.63251700700187e-270,  -1.34746965938406e+28, NaN, -1.34765551027296e+28, NaN, 1.39067109486608e-309,  0, -6.85769710625683e+303, 2.41737052174607e+35, 2.4173705217461e+35,  2.4173705217461e+35, 2.4173705217461e+35, 2.4173705217461e+35,  2.4173705217461e+35, NaN, 7.06684499107181e-304, 2.77448022711307e+180,  2.11641849774191e-289, -1.9464863595713e-308, NaN, -8.14213648338908e+303,  -1.34765551027296e+28, 9.73309322307256e-322, 7.06772460410922e-304,  2.77437436888563e+180, -6.86411658397889e+303, 7.09831312284107e-270,  -1.30087126914016e+28, -1.34765550943381e+28, NaN, -1.34765550943382e+28,  -1.34765550943381e+28, -1.34765550943381e+28, -1.34765551027296e+28,  -1.34765550943381e+28, NaN, 2.93711107400257e-306, NaN, 1.85962982911652e-243,  1.03977793756804e-312, 2.41737052174616e+35, 2.4173705217461e+35,  2.4173705217461e+35, 2.4173705217461e+35, 2.4173705217461e+35,  2.4173705217461e+35, 2.4173705217461e+35, 1.39067116133336e-309,  2.05276751621419e-289, 4.08557275398055e-205, 2.72514671230639e+180,  -2.71367090029118e-265, 1.34497461904492e-284, -1.34765550943382e+28,  -1.34765550943381e+28, 6.20102779604429e-305, -1.34765551025854e+28,  -1.34765550943381e+28, -1.34765550943381e+28, -1.34765550943381e+28,  -1.34765550943381e+28, 1.13195988485147e-72, NaN, 9.32179005893914e+178,  5.71014430618462e+183), xvec = c(-6.52647229600548e+91, 2.4173705217461e+35,  2.4173705217461e+35, 2.4173705217461e+35, NaN, NaN, -5.48679376175301e+303,  NaN, 2.72311959980713e+180, -2.71367090029118e-265, -1.01374331998156e-262,  -1.01381479526244e-262, -1.01374331998155e-262, 2.75553653795073e+179,  9.45656389853294e-308, NaN, -1.3476555094227e+28, -6.20102779604429e-305,  0, NaN, 5.6906658673114e-270, 2.05226840826509e-289, -1.34765550943381e+28,  -9.96658573014496e-307, 1.58174867617811e-256, 3.23207864196427e-319,  NaN, 1.390671161567e-309, 0, 1.86580260237427e-104, 2.77448001761404e+180,  2.07507571253324e-322, 7.06772460410922e-304, 2.77437436888563e+180,  -6.86411658397889e+303, 7.09831312284107e-270, 2.39019170139725e+35,  3.85109342440374e-23, 2.4173705217461e+35, -5.61699932344187e+307,  -7.29111920833637e-304, 3.14528516528409e-208, NaN, 1.64323877798841e-305,  NaN, 5.43230922384344e-312, -5.56270578463441e-309, NaN, -4.77772870668973e-299,  NaN, 2.93710020938399e-306, 0, NaN, -4.66320545847463e+304, 2.93779012326566e-306,  NaN, NaN, 7.2911220195564e-304, NaN, -1.49222440734656e+306,  5.43224220015779e-312, -1.9464863595713e-308, -1.01374331998154e-262,  -1.60246167651925e-260, -1.01374331972276e-262, NaN, NaN, 2.41737008055399e+35,  6.59320217082774e+38, 1.39067116133336e-309, 4.08557503540032e-205,  -1.4047893311396e+306, 3.23785921002061e-319, NaN, 7.2911220195564e-304,  0, 0, 2.4173705217461e+35, 2.4173705217461e+35, -9.82770195441225e-307,  NaN, 7.06683464013549e-304, 1.70425539184223e-313, 0, 0, 0, 0,  0, 0, 0, 0, 0, 0, 0))
result <- do.call(protViz:::lower_bound__,testlist)
str(result)