testlist <- list(xq = c(NA, NaN, 3.79212874880738e+146, 3.79212874880738e+146,  8.28904556439245e-317, 0, NaN, 1.13195988485331e-72, -7.20053784029172e+303,  5.6897706108329e-270, NA, -1.34765478347124e+28, -1.34765550707032e+28,  -1.34765550943381e+28, -1.34765550943381e+28, -1.34765550943381e+28,  NaN, -1.34765550943709e+28, -8.42284290414037e+26, NaN, NaN,  2.41737052174616e+35, 2.4173705217461e+35, 2.4173705217461e+35,  2.4173705217461e+35, 2.4173705217461e+35, -5.48612930076931e+303,  5.25893779616025e-287, 2.77447941172549e+180, 8.55918381196555e+180,  NaN, -6.85768032618856e+303, 5.69991219283564e-270, -5.06025446119292e-183,  NaN, NaN, -1.34765550943709e+28, -1.34765550943381e+28, -1.34765550943381e+28,  7.29228377533783e-304, 2.73254807019989e-312, 2.44758123860699e-307,  -5.75101780446828e+303, -1.3476555102729e+28, -1.34765550943381e+28,  -1.34765550943381e+28, -1.34765550943381e+28, -1.34765550943381e+28,  1.13195988485147e-72, -6.953355807835e-309, 1.13182170826081e-72,  NaN, 2.41766164019205e+35, 2.4173705217461e+35, 2.4173705217461e+35,  2.4173705217461e+35, 2.4173705217461e+35, 2.4173705217461e+35,  2.4173705217461e+35, NaN, 3.13113079775867e-294, 8.55840751922874e+180,  1.55076467863709e-267, 0), xvec = c(3.79212805218773e+146, -3.33212115990104e+305,  -6.85765509629065e+303, NaN, 4.15084657543017e-317, 0, 5.68977061083203e-270,  1.06099789548264e-314, 0, -6.85765508599211e+303, 0, 0, 2.85228542094347e+180,  7.06772460411368e-304, 4.0855727539744e-205, 2.72312058165752e+180,  NaN, 5.25999498327165e-287, 3.22526053605166e-319, 0, 1.11690830717058e-308,  -1.01374331871956e-262, -1.01374331998156e-262, NaN, 4.8933222677839e-311,  2.85228542094358e+180, 7.06772460411368e-304, -5.48612670521872e+303,  0, NaN, 5.43230922486616e-312, 0, NaN, 4.57671146818735e-246,  5.41142083896177e-312, 0, 0, NaN, -1.00128321311896e-307, -3.3321213798492e+305,  3.79212874880734e+146, 3.79212874880738e+146, 3.79212874880738e+146,  2.12199571092664e-314, 0, NaN, NaN, 1.34497461904942e-284, 6.63251700722245e-270,  2.41737052012611e+35, -1.34746966301576e+28, -1.34765550943381e+28,  -1.34765550943381e+28, 1.62868740151567e-319, NaN, 6.86170267976729e-270,  2.113836265204e-314, -1.34765550943377e+28, 1.81828322435774e+185,  -6.51931701164166e+91, NaN, 2.91853490985648e-312, NaN, 1.13195988485332e-72,  NaN, 7.2911220195564e-304, -5.4861266847815e+303, 1.34497403158148e-284,  2.77448001761251e+180, 6.95516746330864e-310, NaN, 1.99661024028971e-285,  8.25723613591625e-317, 0, 5.68977061083203e-270, 4.09173631636948e+149,  3.79195274824097e+146, 3.79212874880738e+146, 3.79212874880738e+146,  NaN, 0))
result <- do.call(protViz:::lower_bound__,testlist)
str(result)