testlist <- list(xq = c(-5.82498353594791e+303, -2.10306928144696e-263, 6.42285339593621e-323,  0, 0, 0, 0, 0, 0, 0, NaN, 7.02297184253757e+144, 3.79212874880738e+146,  3.79212874880738e+146, -3.33212115990104e+305, 3.23785921002061e-319,  -5.48612406879369e+303, 1.13195988485334e-72, -4.66320545847463e+304,  7.06772460416227e-304, 1.55972921382214e+34, NaN, -1.34765550659802e+28,  -1.34765550943381e+28, -6.20102779604429e-305, -1.34765550942268e+28,  -3.23660257667022e+25, -1.34765550943381e+28, NaN, 1.34497461904942e-284,  -1.23820000795498e+294, 1.13195934720121e-72, 4.38305891117249e-318,  0, 0, 0, 0, 0, 0, 0, NaN, -3.3321211640302e+305, 3.79212874880734e+146,  3.79212874880738e+146, 6.04593578521642e-305, NaN, 2.77432490751508e+180,  9.93310488515311e-268, 1.34497429838253e-284, 1.38532373373581e-309,  2.46838197498224e+35, -2.5689673666557e+24, -1.34765550943381e+28,  9.56141801175994e+25, -1.32653861152832e+28, 1.06740158950689e-314,  -3.43288411732701e-05, -1.34771050370633e+28, NaN, -1.34765550943382e+28,  -1.34765550943381e+28, -1.34765550943381e+28, -1.34765550943381e+28,  -1.34765550943381e+28, -1.34765550943381e+28, 1.80691062262175e+182,  5.75284736018483e-196, -2.28593905056661e+306, NaN, -1.34765572256904e+28,  -1.34765550943381e+28, 1.13195988485147e-72, -6.953355807835e-309,  6.60670667048843e-304, 2.75553767283643e+179, 9.45656389853294e-308,  2.41737052618821e+35, 2.4173705217461e+35, 2.4173705217461e+35,  2.4173705217461e+35, 2.4173705217461e+35, 2.4173705217461e+35,  2.4173705217461e+35, NaN, 7.06684499107181e-304, 2.77448022711307e+180,  2.92118534638502e-241, -1.01374331997664e-262, -1.01374331998156e-262 ), xvec = c(-1.34747343907154e+28, -1.34765550943381e+28, -1.34765550943381e+28,  6.99532305949377e-310, 0, NaN, -6.85769710633415e+303, -1.34747249643565e+28,  2.82329784784648e+180, -1.34765550943381e+28, NaN, 2.93711107400257e-306,  NaN, Inf, NaN, 0, 0, NaN, NaN, NaN, NaN, 5.41515089952515e-312,  NaN, 3.74707260380657e+146, NA, 3.79212874880738e+146, NaN, 1.25986739689518e-321,  NaN, -4.66320545847463e+304, NaN, 2.18004391957808e-289, 4.72665585952319e-288,  NaN, -1.34765550942273e+28, -1.34765550943381e+28, 2.9856128291248e-306,  0, NaN, 2.05629249432336e-289, -1.3008041819054e+28, 1.80691062262175e+182,  5.75284736018483e-196, -2.28593905056661e+306, -1.62597454369523e-260,  -2.41785163924816e+24, NaN, NaN, 1.34497461904942e-284, -1.23820000795498e+294,  1.13195934720121e-72, 4.38305891117249e-318, -1.34765550658361e+28,  -1.5350448954154e+29, -1.34765550943381e+28, -1.34765550943381e+28,  -1.34765550943381e+28, -1.34765550942598e+28, NaN, NaN, -5.48679637806016e+303,  -5.82900161131527e+303, NaN, 1.52920383374048e-308, NaN, 5.80880800874727e-316,  NaN, NaN, 7.29112041074084e-304, 0, 0, 3.87096820239183e+146,  NaN, 7.29112200857507e-304, 1.38532398052136e-309, 1.31328759620093e-284,  6.86170267976729e-270, 2.113836265204e-314, -1.34765550943377e+28,  2.50140495832965e-319, -1.34765550943381e+28, -1.3476549043806e+28,  -1.34765550943381e+28, -1.34765550943381e+28, -1.58451925486722e+29,  -1.34765550943381e+28, -1.34765550943381e+28, 4.77783808228078e-299,  -1.34765550943381e+28, 7.41841230136257e-68, 2.12199579047121e-314,  3.23785921002061e-319, 0))
result <- do.call(protViz:::lower_bound__,testlist)
str(result)